0 0.7640692640692641 0.45985832349468714 0.0743801652892562 0.14521841794569068
0 0.6229830775285321 0.3083431719795356 0.05194805194805195 0.045257772530499805
0 0.5421094057457694 0.20621802439984258 0.016922471467926012 0.01652892561983471
0 0.45533254624163716 0.17473435655253838 0.007870916961826053 0.004722550177095631
0 0.45454545454545453 0.39925226288862653 0.032270759543486814 0.03502558048012593
0 0.5003935458480913 0.4466745375836285 0.02558048012593467 0.018890200708382526
0 0.5263675718221172 0.5027548209366391 0.14128295946477765 0.1483667847304211
0 0.5442739079102715 0.5509641873278237 0.0149547422274695 0.02676111767020858
0 0.43545848091302636 0.5572609208972845 0.04210940574576938 0.0448642266824085
0 0.4693034238488784 0.6340023612750886 0.053128689492325853 0.07241243604879968
0 0.7327823691460055 0.6700118063754428 0.04250295159386069 0.03581267217630854
0 0.6082251082251082 0.9085005903187722 0.136560409287682 0.1357733175914994
0 0.7595434868162141 0.8321526957890594 0.015741833923652106 0.027941755214482486
0 0.4083038173947265 0.7404565131837859 0.06808343171979536 0.10035419126328217
0 0.33412042502951594 0.8543880362062181 0.10704447068083432 0.06926406926406926
0 0.3467138921684376 0.6601731601731602 0.033844942935852024 0.043683589138134596
0 0.3715072805981897 0.3939393939393939 0.03856749311294766 0.05194805194805195
0 0.31936245572609206 0.4071231798504526 0.0295159386068477 0.03109012199921291
0 0.32290436835891384 0.4376229830775285 0.04289649744195199 0.027548209366391185
0 0.22077922077922077 0.41204250295159384 0.048799685163321525 0.0149547422274695
0 0.2565918929555293 0.40810704447068086 0.015741833923652106 0.0149547422274695
0 0.26721763085399447 0.3697363242817788 0.030696576151121605 0.016922471467926012
0 0.3665879574970484 0.2599370326643054 0.03896103896103896 0.05548996458087367
0 0.3547815820543093 0.33234946871310506 0.05863833136560409 0.05076741440377804
0 0.27744982290436837 0.3010625737898465 0.027548209366391185 0.03778040141676505
0 0.22136953955135774 0.290633608815427 0.030303030303030304 0.026367571822117276
0 0.23317591499409682 0.24163715072805983 0.12160566706021252 0.06611570247933884
0 0.30578512396694213 0.4988193624557261 0.08421881149153876 0.08146399055489964
0 0.10606060606060606 0.7648563557654466 0.05627705627705628 0.047619047619047616
0 0.09090909090909091 0.7253049980322708 0.05745769382133018 0.032270759543486814
0 0.05273514364423455 0.6650924832743015 0.048799685163321525 0.0881542699724518
0 0.05785123966942149 0.636560409287682 0.01338055883510429 0.013774104683195593
0 0.11412829594647776 0.6576151121605667 0.059818968909878 0.08421881149153876
0 0.11904761904761904 0.6552538370720189 0.0444706808343172 0.06060606060606061
0 0.1591892955529319 0.6617473435655253 0.03896103896103896 0.05076741440377804
0 0.15977961432506887 0.628099173553719 0.050373868555686735 0.03935458480913026
0 0.17552144824872098 0.597599370326643 0.13616686343959072 0.0751672569854388
0 0.2727272727272727 0.5731995277449823 0.08028335301062574 0.08697363242817788
0 0.10645415190869736 0.5450609996064542 0.08382526564344746 0.05194805194805195
0 0.04210940574576938 0.49606454151908697 0.06690279417552145 0.1042896497441952
0 0.03266430539157812 0.39512003148366787 0.02833530106257379 0.03699330972058245
0 0.04112554112554113 0.36206218024399844 0.031877213695395513 0.032270759543486814
0 0.8553719008264463 0.7924045651318379 0.027941755214482486 0.045257772530499805
0 0.9584809130263676 0.6361668634395907 0.013774104683195593 0.014561196379378197
0 0.6186540731995277 0.7158598976780794 0.012593467138921684 0.011019283746556474
