0 0.382411858974359 0.25180288461538464 0.03886217948717949 0.059695512820512824
0 0.2497996794871795 0.22395833333333334 0.12379807692307693 0.06570512820512821
0 0.2359775641025641 0.2718349358974359 0.03205128205128205 0.024439102564102564
0 0.2900641025641026 0.2844551282051282 0.028044871794871796 0.040865384615384616
0 0.3629807692307692 0.32251602564102566 0.06490384615384616 0.05128205128205128
0 0.37840544871794873 0.38882211538461536 0.04046474358974359 0.05889423076923077
0 0.46033653846153844 0.3974358974358974 0.03685897435897436 0.036057692307692304
0 0.27423878205128205 0.3531650641025641 0.029246794871794872 0.018830128205128204
0 0.22536057692307693 0.3932291666666667 0.04927884615384615 0.016426282051282052
0 0.26001602564102566 0.39042467948717946 0.01282051282051282 0.014823717948717948
0 0.32311698717948717 0.39563301282051283 0.030048076923076924 0.031650641025641024
0 0.3251201923076923 0.4254807692307692 0.042868589743589744 0.027243589743589744
0 0.3030849358974359 0.48838141025641024 0.078125 0.08253205128205128
0 0.4284855769230769 0.5564903846153846 0.042868589743589744 0.03926282051282051
0 0.45693108974358976 0.6356169871794872 0.05008012820512821 0.07171474358974358
0 0.33213141025641024 0.6498397435897436 0.03365384615384615 0.040865384615384616
0 0.38842147435897434 0.7383814102564102 0.06450320512820513 0.10176282051282051
0 0.305088141025641 0.844551282051282 0.11017628205128205 0.06490384615384616
0 0.08533653846153846 0.7387820512820513 0.052083333333333336 0.052083333333333336
0 0.07391826923076923 0.6995192307692307 0.057291666666666664 0.036057692307692304
0 0.03926282051282051 0.6292067307692307 0.04326923076923077 0.0765224358974359
0 0.04567307692307692 0.6061698717948718 0.008814102564102564 0.014423076923076924
0 0.10136217948717949 0.6294070512820513 0.052083333333333336 0.08333333333333333
0 0.14443108974358973 0.6278044871794872 0.011618589743589744 0.022435897435897436
0 0.1450320512820513 0.6442307692307693 0.04326923076923077 0.038461538461538464
0 0.15324519230769232 0.6003605769230769 0.042067307692307696 0.029246794871794872
0 0.13040865384615385 0.6151842948717948 0.013221153846153846 0.018830128205128204
0 0.16686698717948717 0.5737179487179487 0.13421474358974358 0.05689102564102564
0 0.26542467948717946 0.5608974358974359 0.078125 0.08253205128205128
0 0.10136217948717949 0.516426282051282 0.08092948717948718 0.055288461538461536
0 0.019631410256410256 0.468349358974359 0.02403846153846154 0.09455128205128205
0 0.04447115384615385 0.4619391025641026 0.05689102564102564 0.10016025641025642
0 0.04907852564102564 0.328525641025641 0.03245192307692308 0.03445512820512821
0 0.036057692307692304 0.36438301282051283 0.028846153846153848 0.02844551282051282
0 0.5635016025641025 0.20733173076923078 0.018028846153846152 0.014823717948717948
0 0.6384214743589743 0.31850961538461536 0.05328525641025641 0.04246794871794872
0 0.5026041666666666 0.4485176282051282 0.026041666666666668 0.017227564102564104
0 0.5386618589743589 0.5578926282051282 0.014022435897435898 0.024439102564102564
0 0.5124198717948718 0.5813301282051282 0.011217948717948718 0.013621794871794872
0 0.5 0.5837339743589743 0.009615384615384616 0.008814102564102564
0 0.4935897435897436 0.5893429487179487 0.008012820512820512 0.008814102564102564
0 0.5240384615384616 0.5050080128205128 0.14342948717948717 0.1502403846153846
0 0.5757211538461539 0.9204727564102564 0.13381410256410256 0.13341346153846154
0 0.7359775641025641 0.8591746794871795 0.014423076923076924 0.027644230769230768
0 0.7215544871794872 0.6983173076923077 0.041666666666666664 0.04567307692307692
0 0.7712339743589743 0.48096955128205127 0.07291666666666667 0.1518429487179487
0 0.8355368589743589 0.8263221153846154 0.02844551282051282 0.04366987179487179
