0 0.9084821428571429 0.20535714285714285 0.18303571428571427 0.3005952380952381
0 0.8244047619047619 0.4739583333333333 0.28869047619047616 0.30505952380952384
0 0.46577380952380953 0.5290178571428571 0.49404761904761907 0.23363095238095238
0 0.4166666666666667 0.6294642857142857 0.14583333333333334 0.10416666666666667
0 0.3273809523809524 0.6867559523809523 0.044642857142857144 0.07291666666666667
0 0.3742559523809524 0.7313988095238095 0.049107142857142856 0.09672619047619048
0 0.37351190476190477 0.7961309523809523 0.1488095238095238 0.13988095238095238
0 0.21577380952380953 0.7373511904761905 0.20535714285714285 0.3229166666666667
0 0.11607142857142858 0.9620535714285714 0.20238095238095238 0.07589285714285714
0 0.03794642857142857 0.8028273809523809 0.07291666666666667 0.2425595238095238
0 0.019345238095238096 0.6488095238095238 0.03571428571428571 0.05654761904761905
0 0.21428571428571427 0.31398809523809523 0.30654761904761907 0.2113095238095238
0 0.05803571428571429 0.11979166666666667 0.1130952380952381 0.23660714285714285
