0 0.5625249700359568 0.20715141829804234 0.018377946464242907 0.016380343587694766
0 0.6370355573312025 0.3134238913304035 0.05073911306432281 0.042748701558130243
0 0.7686775868957252 0.47263284059129046 0.0743108270075909 0.1486216540151818
0 0.7241310427487015 0.6825809029165002 0.040351578106272476 0.042748701558130243
0 0.8367958449860168 0.8058330003995205 0.027566919696364364 0.0463443867359169
0 0.744107071514183 0.8393927287255294 0.014782261286456252 0.02796644027167399
0 0.6088693567718737 0.7185377546943668 0.011985617259288853 0.012385137834598482
0 0.5888933280063924 0.905313623651618 0.13264083100279664 0.1350379544546544
0 0.32081502197363165 0.8417898521773871 0.10946863763483819 0.06552137435077907
0 0.4015181781861766 0.7331202556931682 0.06632041550139832 0.0998801438274071
0 0.4662405113863364 0.6264482620854974 0.0519376747902517 0.08230123851378346
0 0.437674790251698 0.5543347982421095 0.04434678385936876 0.04115061925689173
0 0.5445465441470235 0.5529364762285258 0.011985617259288853 0.02317219336795845
0 0.5191769876148622 0.5769077107471035 0.013983220135836995 0.01278465840990811
0 0.5083899320815022 0.5795045944866161 0.009188973232121454 0.00998801438274071
0 0.5023971234518577 0.5866959648421893 0.009188973232121454 0.009188973232121454
0 0.5089892129444666 0.4476628046344387 0.026368357970435477 0.018777467039552537
0 0.5297642828605673 0.5023971234518577 0.13983220135836996 0.14822213343987214
0 0.4632441070715142 0.3963244107071514 0.034758290051937674 0.03435876947662805
0 0.3821414302836596 0.3875349580503396 0.0379544546544147 0.053535757091490214
0 0.36735916899720333 0.3246104674390731 0.05952856572113464 0.05153815421494207
0 0.328006392329205 0.39692369157011587 0.029564522572912505 0.02996404314822213
0 0.33060327606871753 0.42768677586895726 0.042748701558130243 0.029165001997602878
0 0.2291250499400719 0.39572512984418695 0.05233719536556133 0.01558130243707551
0 0.26488214143028366 0.39372752696763885 0.013583699560527367 0.014782261286456252
0 0.2782660807031562 0.3559728326008789 0.029165001997602878 0.016779864163004393
0 0.24550539352776668 0.36496204554534556 0.012385137834598482 0.009188973232121454
0 0.2908509788254095 0.28745505393527765 0.026368357970435477 0.04194966040751099
0 0.3833399920095885 0.2516979624450659 0.03875349580503396 0.05593288054334798
0 0.23571713943268077 0.27467039552536954 0.02796644027167399 0.026767878545745107
0 0.24950059928086296 0.2273272073511786 0.12345185777067519 0.06711945665201757
0 0.4760287654814223 0.1669996004794247 0.009188973232121454 0.006392329204954055
0 0.04974031162604874 0.3341989612465042 0.03076308429884139 0.035557331202556934
0 0.04194966040751099 0.3695565321614063 0.033559728326008786 0.03835397522972433
0 0.10966839792249301 0.5231721933679585 0.08190171793847383 0.05073911306432281
0 0.046544147023571715 0.4628445864962046 0.06432281262485018 0.11785856971634039
0 0.3439872153415901 0.648421893727527 0.03196164602477027 0.044746304434678384
0 0.2742708749500599 0.5611266480223731 0.07630842988413904 0.08190171793847383
0 0.30982820615261686 0.48841390331602075 0.07950459448661606 0.08110267678785457
0 0.1644027167399121 0.6060727127447063 0.04514582500998801 0.029564522572912505
0 0.14103076308429885 0.6208549740311626 0.01278465840990811 0.01757890531362365
0 0.1560127846584099 0.6306432281262485 0.011586096683979225 0.02037554934079105
0 0.15421494206951658 0.6468238114262884 0.03915301638034359 0.03835397522972433
0 0.17598881342389133 0.5775069916100679 0.13543747502996403 0.06192568917299241
0 0.1108669596484219 0.6360367558929285 0.05872952457051538 0.08709548541749901
0 0.054534558529764285 0.6110667199360768 0.014782261286456252 0.011586096683979225
0 0.0561326408310028 0.637634838194167 0.03635637235317619 0.07910507391130643
0 0.06132640831002797 0.6785856971634039 0.016380343587694766 0.017179384738314023
0 0.09228925289652418 0.7273272073511786 0.06552137435077907 0.08190171793847383
0 0.9484618457850579 0.6566120655213743 0.015980823012385136 0.014782261286456252
