0 0.46648793565683644 0.4959785522788204 0.30103408655687475 0.4343163538873995
0 0.6273458445040214 0.23266947529682114 0.22903102259670624 0.30831099195710454
0 0.3165453849099962 0.1639218690157028 0.18958253542703946 0.1685178092684795
0 0.42569896591344314 0.156644963615473 0.07085407889697434 0.038299502106472615
0 0.3960168517809268 0.16468785905783226 0.058981233243967826 0.05132133282267331
0 0.5540022979701263 0.09632324779777864 0.13672922252010725 0.1711987744159326
0 0.18709306779011872 0.3035235541937955 0.35197242435848336 0.3803140559172731
0 0.8960168517809268 0.4718498659517426 0.12906932209881272 0.17617770968977403
0 0.9595940252776713 0.4191880505553428 0.057066258138644195 0.09766373037150516
0 0.9176560704710839 0.2893527384144006 0.12332439678284182 0.18881654538491
0 0.6135580237456913 0.697816928379931 0.07123707391803906 0.06817311374952126
0 0.3535044044427422 0.6905400229797013 0.10800459594025277 0.0980467253925699
0 0.3588663347376484 0.6497510532363079 0.06970509383378017 0.10991957104557641
0 0.5848333971658368 0.8314821907315205 0.34622749904251243 0.30945997702029876
0 0.48468019915741095 0.22903102259670624 0.11374952125622367 0.08425890463423975
