0 0.872148288973384 0.3664448669201521 0.17015209125475286 0.16064638783269963
0 0.6596958174904943 0.3925855513307985 0.3288973384030418 0.155893536121673
0 0.6216730038022814 0.4681558935361217 0.09125475285171103 0.06749049429657794
0 0.5674904942965779 0.5066539923954373 0.034220532319391636 0.04752851711026616
0 0.6017110266159695 0.5275665399239544 0.024714828897338403 0.049429657794676805
0 0.5988593155893536 0.5703422053231939 0.09125475285171103 0.09505703422053231
0 0.5004752851711026 0.5413498098859315 0.13212927756653992 0.21197718631178708
0 0.3830798479087453 0.6473384030418251 0.039923954372623575 0.039923954372623575
0 0.37167300380228135 0.48859315589353614 0.039923954372623575 0.03231939163498099
0 0.2965779467680608 0.629277566539924 0.060836501901140684 0.028517110266159697
0 0.32414448669201523 0.5494296577946768 0.17680608365019013 0.20532319391634982
0 0.4995247148288973 0.26425855513307983 0.19106463878326996 0.12927756653992395
0 0.1958174904942966 0.22100760456273763 0.04752851711026616 0.0408745247148289
0 0.3288973384030418 0.1373574144486692 0.21863117870722434 0.2652091254752852
0 0.30038022813688214 0.02043726235741445 0.022813688212927757 0.03897338403041825
0 0.04467680608365019 0.38450570342205326 0.08745247148288973 0.10931558935361217
0 0.026615969581749048 0.5370722433460076 0.051330798479087454 0.11026615969581749
0 0.034695817490494295 0.6425855513307985 0.06749049429657794 0.09125475285171103
0 0.09553231939163498 0.7381178707224335 0.18916349809885932 0.30133079847908745
0 0.04800380228136882 0.9453422053231939 0.094106463878327 0.10931558935361217
0 0.3350760456273764 0.9168250950570342 0.15494296577946767 0.16634980988593157
0 0.9348859315589354 0.9814638783269962 0.13022813688212928 0.0370722433460076
0 0.3997148288973384 0.8108365019011406 0.2709125475285171 0.29277566539923955
