0 0.25646551724137934 0.2304075235109718 0.027821316614420062 0.023510971786833857
0 0.12774294670846395 0.31289184952978055 0.08699059561128526 0.06622257053291536
0 0.037813479623824454 0.30603448275862066 0.06152037617554859 0.0987460815047022
0 0.2400078369905956 0.07072884012539185 0.02233542319749216 0.02233542319749216
0 0.2644984326018809 0.11677115987460815 0.052507836990595615 0.034482758620689655
0 0.318769592476489 0.11344043887147336 0.051332288401253916 0.08581504702194358
0 0.36030564263322884 0.07641065830721003 0.03409090909090909 0.029780564263322883
0 0.382641065830721 0.06289184952978057 0.021551724137931036 0.026253918495297807
0 0.364615987460815 0.11148119122257054 0.03252351097178684 0.048197492163009406
0 0.385384012539185 0.14086990595611285 0.02938871473354232 0.01920062695924765
0 0.3914576802507837 0.15203761755485892 0.009404388714733543 0.018025078369905956
0 0.37754702194357365 0.17476489028213166 0.05446708463949843 0.047021943573667714
0 0.34247648902821315 0.16300940438871472 0.0274294670846395 0.03605015673981191
0 0.375 0.21904388714733541 0.045454545454545456 0.04075235109717868
0 0.35540752351097177 0.28898902821316613 0.0384012539184953 0.04349529780564263
0 0.2656739811912226 0.4410266457680251 0.016457680250783698 0.01371473354231975
0 0.3356191222570533 0.5105799373040752 0.019984326018808778 0.024294670846394983
0 0.3922413793103448 0.47198275862068967 0.012539184952978056 0.02233542319749216
0 0.41300940438871475 0.5190047021943573 0.032915360501567396 0.02311912225705329
0 0.41046238244514105 0.5344827586206896 0.031739811912225704 0.017241379310344827
0 0.43299373040752354 0.570141065830721 0.02664576802507837 0.039968652037617555
0 0.4531739811912226 0.5842476489028213 0.027037617554858933 0.017241379310344827
0 0.5483934169278997 0.565242946708464 0.03565830721003135 0.03017241379310345
0 0.6089341692789969 0.6216692789968652 0.025078369905956112 0.06152037617554859
0 0.6312695924764891 0.5685736677115988 0.02037617554858934 0.030564263322884012
0 0.46336206896551724 0.3001567398119122 0.01920062695924765 0.023510971786833857
0 0.4704153605015674 0.3311128526645768 0.044278996865203764 0.0384012539184953
0 0.5195924764890282 0.2995689655172414 0.03134796238244514 0.04898119122257053
0 0.4911833855799373 0.3050548589341693 0.03879310344827586 0.06230407523510972
0 0.4958855799373041 0.38420846394984326 0.03409090909090909 0.03565830721003135
0 0.4723746081504702 0.3867554858934169 0.027821316614420062 0.028996865203761754
0 0.46199059561128525 0.36148119122257055 0.050156739811912224 0.020768025078369907
0 0.4231974921630094 0.4024294670846395 0.03213166144200627 0.019592476489028215
0 0.4931426332288401 0.5644592476489029 0.016065830721003135 0.01920062695924765
0 0.6714341692789969 0.28115203761755486 0.01371473354231975 0.015282131661442006
0 0.7719435736677116 0.2974137931034483 0.014106583072100314 0.018808777429467086
0 0.7789968652037618 0.27664576802507834 0.04467084639498432 0.030564263322884012
0 0.7547021943573667 0.2913401253918495 0.014890282131661442 0.020768025078369907
0 0.795846394984326 0.24529780564263323 0.1426332288401254 0.06896551724137931
0 0.7264890282131662 0.30525078369905956 0.05329153605015674 0.09012539184952978
0 0.9578761755485894 0.322884012539185 0.026253918495297807 0.04467084639498432
0 0.890282131661442 0.23608934169278997 0.07445141065830721 0.07327586206896551
0 0.7300156739811913 0.18887147335423196 0.08072100313479624 0.05721003134796238
0 0.5997257053291536 0.16751567398119122 0.02233542319749216 0.016849529780564265
0 0.6483150470219435 0.07288401253918496 0.012147335423197491 0.03918495297805643
0 0.6165752351097179 0.1743730407523511 0.01763322884012539 0.012539184952978056
0 0.6320532915360502 0.17770376175548588 0.014106583072100314 0.019984326018808778
0 0.6567398119122257 0.13028996865203762 0.09012539184952978 0.11246081504702195
0 0.6316614420062696 0.02390282131661442 0.09247648902821316 0.04623824451410658
0 0.5517241379310345 0.04251567398119122 0.04075235109717868 0.03487460815047022
0 0.5111677115987461 0.05368338557993731 0.044278996865203764 0.05956112852664577
0 0.48863636363636365 0.08130877742946709 0.01567398119122257 0.01841692789968652
0 0.4367163009404389 0.029192789968652037 0.06935736677115988 0.05760188087774295
0 0.40693573667711597 0.13793103448275862 0.02390282131661442 0.06583072100313479
0 0.44396551724137934 0.1359717868338558 0.03526645768025078 0.02664576802507837
0 0.4747257053291536 0.16359717868338558 0.009796238244514107 0.008228840125391849
0 0.5282131661442007 0.23432601880877743 0.04623824451410658 0.04780564263322884
0 0.5 0.1996473354231975 0.03605015673981191 0.07484326018808778
0 0.4794278996865204 0.23981191222570533 0.01371473354231975 0.016457680250783698
0 0.41300940438871475 0.30054858934169276 0.04075235109717868 0.034482758620689655
0 0.43691222570532917 0.30094043887147337 0.01567398119122257 0.01567398119122257
0 0.42476489028213166 0.297217868338558 0.041536050156739814 0.05054858934169279
0 0.43495297805642635 0.25509404388714735 0.07915360501567398 0.05172413793103448
0 0.428487460815047 0.227076802507837 0.07014106583072101 0.03330721003134796
0 0.4022335423197492 0.23628526645768025 0.04584639498432602 0.07758620689655173
0 0.41516457680250785 0.1884796238244514 0.06857366771159874 0.03683385579937304
0 0.4659090909090909 0.18064263322884014 0.0219435736677116 0.028996865203761754
0 0.43808777429467083 0.15497648902821318 0.054858934169279 0.052899686520376174
0 0.42398119122257055 0.12695924764890282 0.014106583072100314 0.06191222570532915
0 0.43906739811912227 0.09110501567398119 0.02390282131661442 0.03879310344827586
0 0.45689655172413796 0.0679858934169279 0.039968652037617555 0.03252351097178684
0 0.48510971786833856 0.10168495297805642 0.02115987460815047 0.03487460815047022
0 0.47355015673981193 0.12049373040752351 0.049764890282131664 0.04663009404388715
0 0.45434952978056425 0.07366771159874608 0.026253918495297807 0.06896551724137931
0 0.3563871473354232 0.3989028213166144 0.1634012539184953 0.2170846394984326
0 0.4161442006269592 0.37049373040752354 0.08620689655172414 0.07014106583072101
0 0.5101880877742947 0.34855015673981193 0.06426332288401254 0.05446708463949843
0 0.5427115987460815 0.38499216300940436 0.0987460815047022 0.12343260188087775
0 0.6508620689655172 0.4668887147335423 0.06974921630094044 0.07562695924764891
0 0.6873040752351097 0.4341692789968652 0.10031347962382445 0.0987460815047022
0 0.6747648902821317 0.382641065830721 0.10736677115987461 0.04898119122257053
0 0.650666144200627 0.30740595611285265 0.07797805642633229 0.08738244514106583
0 0.6759404388714734 0.34992163009404387 0.0219435736677116 0.018025078369905956
0 0.7690047021943573 0.3179858934169279 0.03957680250783699 0.04114420062695925
0 0.9390673981191222 0.520180250783699 0.11794670846394985 0.06622257053291536
0 0.8230799373040752 0.8536442006269592 0.056818181818181816 0.027037617554858933
0 0.49353448275862066 0.9204545454545454 0.05368338557993731 0.06191222570532915
0 0.30407523510971785 0.9508228840125392 0.04231974921630094 0.04349529780564263
0 0.4862852664576803 0.9917711598746082 0.02115987460815047 0.016457680250783698
0 0.5205721003134797 0.9900078369905956 0.037225705329153605 0.019984326018808778
0 0.6516457680250783 0.7309952978056427 0.11677115987460815 0.10148902821316615
0 0.5370297805642633 0.6238244514106583 0.14302507836990597 0.1426332288401254
0 0.4835423197492163 0.49137931034482757 0.12774294670846395 0.16614420062695925
