0 0.7907725321888412 0.10622317596566523 0.4184549356223176 0.20815450643776823
0 0.1459227467811159 0.16201716738197425 0.2875536480686695 0.3197424892703863
0 0.04291845493562232 0.33583690987124465 0.055793991416309016 0.148068669527897
0 0.1555793991416309 0.5912017167381974 0.15665236051502146 0.10085836909871244
0 0.13841201716738197 0.674892703862661 0.15665236051502146 0.09656652360515021
0 0.8680257510729614 0.8272532188841202 0.18240343347639484 0.13090128755364808
0 0.7457081545064378 0.9012875536480687 0.5042918454935622 0.19742489270386265
0 0.259656652360515 0.8637339055793991 0.13304721030042918 0.19527896995708155
0 0.3701716738197425 0.9409871244635193 0.13090128755364808 0.06652360515021459
0 0.3240343347639485 0.778969957081545 0.14163090128755365 0.24892703862660945
0 0.5246781115879828 0.44957081545064376 0.6716738197424893 0.8948497854077253
