0 0.044668008048289735 0.32494969818913483 0.0579476861167002 0.09859154929577464
0 0.13561368209255534 0.32857142857142857 0.08531187122736418 0.06961770623742455
0 0.26156941649899396 0.24386317907444668 0.024949698189134808 0.021730382293762576
0 0.27062374245472837 0.12857142857142856 0.05432595573440644 0.03742454728370221
0 0.32575452716297787 0.12454728370221328 0.05432595573440644 0.08571428571428572
0 0.3659959758551308 0.0881287726358149 0.03742454728370221 0.027364185110663984
0 0.38853118712273643 0.07283702213279677 0.02454728370221328 0.025754527162977867
0 0.37142857142857144 0.12253521126760564 0.028169014084507043 0.047082494969818915
0 0.34788732394366195 0.17484909456740444 0.02374245472837022 0.03822937625754527
0 0.39154929577464787 0.15392354124748492 0.031388329979879274 0.01971830985915493
0 0.3822937625754527 0.1881287726358149 0.0579476861167002 0.051106639839034206
0 0.37746478873239436 0.2329979879275654 0.045875251509054325 0.041851106639839035
0 0.36217303822937624 0.30241448692152917 0.03460764587525151 0.0454728370221328
0 0.4217303822937626 0.5374245472837023 0.031388329979879274 0.018913480885311872
0 0.4181086519114688 0.5535211267605634 0.02977867203219316 0.021327967806841045
0 0.40040241448692154 0.4909456740442656 0.008048289738430584 0.021730382293762576
0 0.36559356136820925 0.4189134808853119 0.16378269617706237 0.2164989939637827
0 0.36961770623742457 0.5142857142857142 0.022132796780684104 0.01609657947686117
0 0.35674044265593563 0.5167002012072435 0.006841046277665996 0.012877263581488933
0 0.3414486921529175 0.5299798792756539 0.011670020120724347 0.016901408450704224
0 0.4245472837022133 0.386317907444668 0.08531187122736418 0.0716297786720322
0 0.4676056338028169 0.3784708249496982 0.05070422535211268 0.022132796780684104
0 0.4847082494969819 0.5016096579476861 0.14044265593561367 0.19436619718309858
0 0.4392354124748491 0.5887323943661972 0.02535211267605634 0.037826961770623745
0 0.46177062374245476 0.6028169014084507 0.026156941649899398 0.015291750503018108
0 0.5555331991951711 0.5843058350100604 0.03340040241448692 0.025754527162977867
0 0.6346076458752515 0.5889336016096579 0.012072434607645875 0.030985915492957747
0 0.6189134808853118 0.6321931589537223 0.017706237424547282 0.02977867203219316
0 0.5476861167002012 0.6414486921529176 0.1472837022132797 0.13762575452716297
0 0.654728370221328 0.744466800804829 0.11106639839034205 0.09738430583501007
0 0.8134808853118712 0.8587525150905433 0.05030181086519115 0.024949698189134808
0 0.5022132796780684 0.9197183098591549 0.05311871227364185 0.05754527162977867
0 0.49617706237424547 0.9887323943661972 0.01851106639839034 0.01851106639839034
0 0.527364185110664 0.9861167002012072 0.0358148893360161 0.020523138832997986
0 0.3211267605633803 0.9484909456740442 0.04024144869215292 0.04104627766599597
0 0.4221327967806841 0.20261569416498995 0.06921529175050302 0.02454728370221328
0 0.4277665995975855 0.2567404426559356 0.08531187122736418 0.0635814889336016
0 0.41851106639839036 0.22756539235412473 0.03380281690140845 0.03420523138832998
0 0.5372233400402414 0.24808853118712274 0.05150905432595573 0.04869215291750503
0 0.5078470824949698 0.21146881287726357 0.037826961770623745 0.07927565392354124
0 0.4134808853118712 0.14909456740442656 0.02535211267605634 0.07042253521126761
0 0.6581488933601609 0.4869215291750503 0.0647887323943662 0.07806841046277666
0 0.6977867203219316 0.4533199195171026 0.096579476861167 0.09617706237424548
0 0.6839034205231388 0.3991951710261569 0.10503018108651911 0.04909456740442656
0 0.43661971830985913 0.14245472837022133 0.027364185110663984 0.07243460764587525
0 0.46398390342052315 0.19295774647887323 0.041851106639839035 0.0317907444668008
0 0.45251509054325956 0.14587525150905434 0.0317907444668008 0.02857142857142857
0 0.448692152917505 0.10382293762575452 0.020925553319919517 0.04024144869215292
0 0.4488933601609658 0.03299798792756539 0.07122736418511066 0.06277665995975855
0 0.5613682092555332 0.055533199195171024 0.04265593561368209 0.03621730382293763
0 0.5183098591549296 0.06539235412474849 0.045875251509054325 0.05995975855130785
0 0.48329979879275653 0.12595573440643862 0.04507042253521127 0.060362173038229376
0 0.46438631790744467 0.08048289738430583 0.04104627766599597 0.03380281690140845
0 0.46559356136820923 0.096579476861167 0.02012072434607646 0.028169014084507043
0 0.46841046277666 0.1193158953722334 0.026559356136820925 0.021327967806841045
0 0.5022132796780684 0.4040241448692153 0.028169014084507043 0.03219315895372234
0 0.48108651911468814 0.4044265593561368 0.02857142857142857 0.027364185110663984
0 0.5158953722334004 0.36217303822937624 0.060362173038229376 0.053923541247484906
0 0.4766599597585513 0.3438631790744467 0.04225352112676056 0.02937625754527163
0 0.5283702213279678 0.3152917505030181 0.031388329979879274 0.04949698189134809
0 0.4959758551307847 0.31368209255533197 0.02535211267605634 0.04225352112676056
0 0.5505030181086519 0.40301810865191146 0.09899396378269618 0.1283702213279678
0 0.6609657947686117 0.32494969818913483 0.0744466800804829 0.08651911468812877
0 0.6841046277665996 0.36780684104627764 0.017706237424547282 0.016901408450704224
0 0.6812877263581489 0.2973843058350101 0.015291750503018108 0.012877263581488933
0 0.7352112676056338 0.32253521126760565 0.05311871227364185 0.08893360160965795
0 0.7776659959758552 0.3380281690140845 0.03822937625754527 0.04426559356136821
0 0.778672032193159 0.3209255533199195 0.012072434607645875 0.022132796780684104
0 0.7645875251509054 0.3090543259557344 0.012877263581488933 0.02012072434607646
0 0.7861167002012073 0.2943661971830986 0.0454728370221328 0.030181086519114688
0 0.7277665995975855 0.33360160965794766 0.02535211267605634 0.04265593561368209
0 0.8026156941649899 0.26398390342052314 0.13158953722334005 0.06438631790744467
0 0.8971830985915493 0.25613682092555334 0.07042253521126761 0.06961770623742455
0 0.9583501006036217 0.34808853118712274 0.014084507042253521 0.035412474849094565
0 0.7404426559356136 0.203420523138833 0.08209255533199195 0.05593561368209256
0 0.6426559356136821 0.03621730382293763 0.09496981891348089 0.04909456740442656
0 0.6595573440643863 0.08631790744466801 0.008853118712273641 0.04144869215291751
0 0.6653923541247485 0.14567404426559355 0.09134808853118712 0.11187122736418512
0 0.6100603621730383 0.17987927565392353 0.020925553319919517 0.01448692152917505
0 0.938430583501006 0.5388329979879276 0.10945674044265594 0.06116700201207243
