0 0.17958067456700091 0.33044667274384687 0.34092980856882404 0.41659070191431175
0 0.8824065633546034 0.4261622607110301 0.1659070191431176 0.19051959890610756
0 0.8947128532360985 0.292616226071103 0.1649954421148587 0.2643573381950775
0 0.2944393801276208 0.5692798541476755 0.07474931631722881 0.04649042844120328
0 0.2876025524156791 0.6093892433910666 0.07201458523245215 0.04102096627164995
0 0.24020054694621695 0.4553327256153145 0.03190519598906107 0.05560619872379216
0 0.1504102096627165 0.5118505013673655 0.06927985414767548 0.03372835004557885
0 0.09662716499544212 0.5483135824977211 0.0528714676390155 0.05560619872379216
0 0.8277119416590701 0.6855059252506837 0.03099361896080219 0.07292616226071102
0 0.6303555150410209 0.6763901549680948 0.07930720145852324 0.06927985414767548
0 0.6080218778486782 0.8126709206927986 0.34275296262534183 0.33272561531449407
0 0.7780309936189608 0.8217866909753874 0.06836827711941659 0.1267092069279854
0 0.34913400182315407 0.6941659070191432 0.0674567000911577 0.0902461257976299
0 0.4038286235186873 0.726982680036463 0.05104831358249772 0.03190519598906107
0 0.2903372835004558 0.19006381039197812 0.21604375569735643 0.17775752051048313
0 0.4010938924339107 0.16636280765724704 0.12397447584320875 0.061075660893345485
0 0.43436645396536006 0.2333637192342753 0.06836827711941659 0.07657247037374658
0 0.49453053783044665 0.2283500455788514 0.07930720145852324 0.08113035551504102
0 0.33363719234275296 0.05332725615314494 0.040109389243391066 0.024612579762989972
0 0.4243391066545123 0.08477666362807658 0.11577028258887875 0.09662716499544212
0 0.4822242479489517 0.05879671832269827 0.04740200546946217 0.07930720145852324
0 0.5355515041020966 0.04056517775752051 0.03190519598906107 0.04284412032816773
0 0.5205104831358249 0.12123974475843209 0.14038286235186873 0.14038286235186873
0 0.6121239744758432 0.22424794895168643 0.2415679124886053 0.3263445761166819
0 0.3108477666362808 0.27438468550592526 0.08568824065633546 0.054694621695533276
0 0.463081130355515 0.5009115770282588 0.31722880583409296 0.4202370100273473
