0 0.4253393665158371 0.25972850678733034 0.18461538461538463 0.13031674208144797
0 0.12669683257918551 0.21402714932126696 0.048868778280542986 0.04072398190045249
0 0.25746606334841626 0.1321266968325792 0.21266968325791855 0.26063348416289595
0 0.23710407239819004 0.015384615384615385 0.02171945701357466 0.02895927601809955
0 0.5828054298642534 0.3927601809954751 0.3257918552036199 0.1520361990950226
0 0.5425339366515837 0.4647058823529412 0.09864253393665158 0.0751131221719457
0 0.48823529411764705 0.5018099547511312 0.03529411764705882 0.046153846153846156
0 0.5217194570135747 0.5217194570135747 0.03167420814479638 0.051583710407239816
0 0.5185520361990951 0.5638009049773756 0.09411764705882353 0.09592760180995476
0 0.41945701357466064 0.5334841628959276 0.12760180995475112 0.21266968325791855
0 0.790497737556561 0.3574660633484163 0.15475113122171946 0.19004524886877827
0 0.8742081447963801 0.3755656108597285 0.03800904977375565 0.039819004524886875
0 0.9538461538461539 0.5796380090497738 0.048868778280542986 0.10407239819004525
0 0.29502262443438915 0.4751131221719457 0.03257918552036199 0.02895927601809955
0 0.24434389140271492 0.5402714932126697 0.17737556561085974 0.19547511312217195
0 0.3013574660633484 0.6352941176470588 0.04343891402714932 0.0416289592760181
0 0.05248868778280543 0.7135746606334842 0.10316742081447963 0.27782805429864255
0 0.24524886877828053 0.9054298642533937 0.15565610859728507 0.17828054298642534
0 0.3334841628959276 0.8321266968325792 0.232579185520362 0.22895927601809954
0 0.2995475113122172 0.7099547511312218 0.24615384615384617 0.11855203619909502
0 0.8963800904977376 0.9782805429864253 0.2072398190045249 0.04343891402714932
0 0.00904977375565611 0.3407239819004525 0.016289592760180997 0.0334841628959276
0 0.008144796380090498 0.3751131221719457 0.014479638009049774 0.02986425339366516
