0 0.09014084507042254 0.27323943661971833 0.17464788732394365 0.43380281690140843
0 0.1028169014084507 0.576056338028169 0.10985915492957747 0.10422535211267606
0 0.3323943661971831 0.15070422535211267 0.12394366197183099 0.07042253521126761
0 0.49295774647887325 0.5028169014084507 0.28169014084507044 0.2619718309859155
0 0.5549295774647888 0.43661971830985913 0.10140845070422536 0.18028169014084508
0 0.48450704225352115 0.7338028169014085 0.07887323943661972 0.08732394366197183
0 0.6957746478873239 0.8253521126760563 0.03380281690140845 0.016901408450704224
0 0.704225352112676 0.8802816901408451 0.03380281690140845 0.04225352112676056
0 0.719718309859155 0.9859154929577465 0.059154929577464786 0.028169014084507043
0 0.9845070422535211 0.21830985915492956 0.030985915492957747 0.04788732394366197
