0 0.17236723672367238 0.20342034203420342 0.0297029702970297 0.036003600360036005
0 0.14356435643564355 0.38838883888388837 0.09810981098109811 0.07290729072907291
0 0.12196219621962197 0.4468946894689469 0.062106210621062106 0.04410441044104411
0 0.0711071107110711 0.48694869486948694 0.048604860486048604 0.0612061206120612
0 0.030153015301530153 0.5747074707470747 0.018901890189018902 0.0369036903690369
0 0.20027002700270027 0.626912691269127 0.07290729072907291 0.05670567056705671
0 0.2232223222322232 0.8132313231323133 0.023402340234023402 0.018901890189018902
0 0.3694869486948695 0.7497749774977498 0.09450945094509451 0.10801080108010801
0 0.382988298829883 0.9167416741674167 0.12871287128712872 0.11971197119711971
0 0.3505850585058506 0.3982898289828983 0.08370837083708371 0.05490549054905491
0 0.3523852385238524 0.4225922592259226 0.013501350135013501 0.0153015301530153
0 0.33033303330333036 0.5045004500450045 0.0288028802880288 0.020702070207020702
0 0.4018901890189019 0.5436543654365437 0.04410441044104411 0.037803780378037805
0 0.4945994599459946 0.5702070207020702 0.0279027902790279 0.024302430243024302
0 0.5913591359135913 0.5292529252925292 0.0144014401440144 0.036003600360036005
0 0.5099009900990099 0.6741674167416741 0.011701170117011701 0.018001800180018002
0 0.6152115211521152 0.689018901890189 0.018901890189018902 0.026102610261026102
0 0.666966696669667 0.7326732673267327 0.0144014401440144 0.009000900090009001
0 0.6512151215121512 0.738973897389739 0.009900990099009901 0.010801080108010801
0 0.4896489648964896 0.8145814581458146 0.023402340234023402 0.025202520252025202
0 0.490999099909991 0.8604860486048604 0.0297029702970297 0.032403240324032405
0 0.45004500450045004 0.10171017101710171 0.0702070207020702 0.08640864086408641
0 0.5481548154815482 0.22502250225022502 0.08640864086408641 0.081008100810081
0 0.5036003600360036 0.24617461746174618 0.0387038703870387 0.04590459045904591
0 0.6093609360936093 0.3114311431143114 0.0576057605760576 0.07200720072007201
0 0.6255625562556255 0.8573357335733574 0.052205220522052204 0.0315031503150315
0 0.5909090909090909 0.8888388838883888 0.017101710171017102 0.013501350135013501
0 0.7223222322232223 0.44779477947794777 0.0927092709270927 0.05130513051305131
0 0.7547254725472547 0.5661566156615662 0.04590459045904591 0.032403240324032405
0 0.8186318631863186 0.4221422142214221 0.017101710171017102 0.0144014401440144
0 0.7943294329432943 0.45724572457245727 0.026102610261026102 0.025202520252025202
0 0.900990099009901 0.42844284428442847 0.032403240324032405 0.034203420342034205
0 0.9635463546354636 0.5139513951395139 0.026102610261026102 0.043204320432043204
0 0.6647164716471647 0.06345634563456345 0.0675067506750675 0.0405040504050405
0 0.7011701170117012 0.10711071107110712 0.0612061206120612 0.043204320432043204
0 0.6305130513051305 0.13771377137713772 0.013501350135013501 0.010801080108010801
0 0.7524752475247525 0.1548154815481548 0.0306030603060306 0.032403240324032405
0 0.7214221422142214 0.22817281728172817 0.020702070207020702 0.020702070207020702
0 0.815931593159316 0.2704770477047705 0.06930693069306931 0.17371737173717372
0 0.9045904590459046 0.30468046804680465 0.08640864086408641 0.0819081908190819
0 0.8852385238523852 0.36543654365436545 0.017101710171017102 0.023402340234023402
0 0.9567956795679567 0.3415841584158416 0.019801980198019802 0.05850585058505851
0 0.9540954095409541 0.38028802880288026 0.036003600360036005 0.013501350135013501
0 0.972997299729973 0.4063906390639064 0.016201620162016202 0.013501350135013501
0 0.8721872187218722 0.7097209720972097 0.09540954095409541 0.10531053105310531
0 0.864986498649865 0.7794779477947795 0.019801980198019802 0.018001800180018002
0 0.8420342034203421 0.8204320432043204 0.0387038703870387 0.0333033303330333
