0 0.2245841035120148 0.594731977818854 0.07948243992606285 0.05268022181146026
0 0.1899260628465804 0.6621996303142329 0.04528650646950092 0.04528650646950092
0 0.4265249537892791 0.7204251386321626 0.0822550831792976 0.06192236598890943
0 0.44269870609981515 0.9399260628465804 0.11275415896487985 0.09796672828096119
0 0.6432532347504621 0.9510166358595195 0.04805914972273567 0.04436229205175601
0 0.6104436229205176 0.7130314232902033 0.06377079482439926 0.05822550831792976
0 0.6862292051756007 0.7966728280961183 0.11182994454713494 0.14048059149722736
0 0.0854898336414048 0.36229205175600737 0.10073937153419593 0.07578558225508318
0 0.17190388170055454 0.3142329020332717 0.031423290203327174 0.022181146025878003
0 0.4320702402957486 0.13724584103512014 0.048983364140480594 0.05268022181146026
0 0.15711645101663585 0.1414048059149723 0.012939001848428836 0.012939001848428836
0 0.23382624768946395 0.18391866913123844 0.08872458410351201 0.09981515711645102
0 0.41266173752310537 0.38724584103512016 0.013863216266173753 0.014787430683918669
0 0.4625693160813309 0.4644177449168207 0.06377079482439926 0.05083179297597042
0 0.5605360443622921 0.5854898336414048 0.06377079482439926 0.05268022181146026
0 0.6256931608133087 0.5452865064695009 0.029574861367837338 0.051756007393715345
0 0.6857670979667283 0.5129390018484289 0.04990757855822551 0.04990757855822551
0 0.8026802218114603 0.3322550831792976 0.06377079482439926 0.08410351201478743
0 0.8022181146025879 0.42190388170055454 0.12384473197781885 0.13585951940850277
0 0.5956561922365989 0.06608133086876156 0.09519408502772643 0.10813308687615526
0 0.6589648798521257 0.057763401109057304 0.04805914972273567 0.07486136783733827
0 0.20794824399260628 0.4297597042513863 0.0166358595194085 0.0073937153419593345
