0 0.38028169014084506 0.3929577464788732 0.23661971830985915 0.4028169014084507
0 0.2774647887323944 0.7492957746478873 0.2112676056338028 0.23098591549295774
0 0.1323943661971831 0.7535211267605634 0.04507042253521127 0.04788732394366197
0 0.6394366197183099 0.8140845070422535 0.03380281690140845 0.03380281690140845
0 0.9408450704225352 0.8309859154929577 0.11830985915492957 0.16901408450704225
0 0.8352112676056338 0.48169014084507045 0.14366197183098592 0.1295774647887324
0 0.576056338028169 0.6873239436619718 0.08732394366197183 0.09014084507042254
0 0.5253521126760563 0.5267605633802817 0.12112676056338029 0.2028169014084507
0 0.6929577464788732 0.323943661971831 0.1352112676056338 0.19154929577464788
0 0.4056338028169014 0.1 0.11830985915492957 0.19436619718309858
0 0.17746478873239438 0.19014084507042253 0.3492957746478873 0.37464788732394366
