0 0.2069112627986348 0.42448805460750855 0.07081911262798635 0.04863481228668942
0 0.22525597269624573 0.5285836177474402 0.07167235494880546 0.07423208191126279
0 0.2696245733788396 0.6561433447098977 0.03924914675767918 0.042662116040955635
0 0.14889078498293515 0.7781569965870307 0.01962457337883959 0.020477815699658702
0 0.31186006825938567 0.640358361774744 0.07593856655290103 0.0674061433447099
0 0.3681740614334471 0.7137372013651877 0.0537542662116041 0.06569965870307168
0 0.47013651877133106 0.8481228668941979 0.08532423208191127 0.04778156996587031
0 0.5358361774744027 0.8579351535836177 0.025597269624573378 0.024744027303754267
0 0.6331058020477816 0.8353242320819113 0.030716723549488054 0.030716723549488054
0 0.4496587030716723 0.25554607508532423 0.189419795221843 0.128839590443686
0 0.4159556313993174 0.34001706484641636 0.08959044368600683 0.050341296928327645
0 0.4705631399317406 0.3314846416382253 0.028156996587030716 0.014505119453924915
0 0.42662116040955633 0.4492320819112628 0.027303754266211604 0.024744027303754267
0 0.420221843003413 0.4991467576791809 0.05887372013651877 0.03583617747440273
0 0.4517918088737201 0.5388225255972696 0.05204778156996587 0.03498293515358362
0 0.38993174061433444 0.564419795221843 0.013651877133105802 0.00938566552901024
0 0.5537542662116041 0.4347269624573379 0.03754266211604096 0.060580204778156996
0 0.6642491467576792 0.37073378839590443 0.021331058020477817 0.031569965870307165
0 0.49658703071672355 0.5802047781569966 0.023890784982935155 0.02901023890784983
0 0.4726962457337884 0.64419795221843 0.01877133105802048 0.023890784982935155
0 0.5533276450511946 0.685580204778157 0.060580204778156996 0.15443686006825938
0 0.5610068259385665 0.8246587030716723 0.014505119453924915 0.014505119453924915
0 0.6668088737201365 0.5243174061433447 0.03498293515358362 0.014505119453924915
0 0.890358361774744 0.47738907849829354 0.11689419795221843 0.1493174061433447
0 0.7222696245733788 0.6352389078498294 0.041808873720136516 0.03668941979522184
0 0.6616894197952219 0.71160409556314 0.12713310580204779 0.07508532423208192
0 0.7619453924914675 0.7581058020477816 0.025597269624573378 0.016211604095563138
0 0.7785836177474402 0.7802901023890785 0.05204778156996587 0.01962457337883959
0 0.681740614334471 0.7551194539249146 0.01877133105802048 0.05631399317406143
0 0.617320819112628 0.7755972696245734 0.017918088737201365 0.023890784982935155
0 0.6988054607508533 0.8165529010238908 0.02218430034129693 0.017064846416382253
0 0.799061433447099 0.8075938566552902 0.024744027303754267 0.028156996587030716
0 0.6872866894197952 0.7888225255972696 0.04522184300341297 0.011092150170648464
