0 0.9044776119402985 0.18208955223880596 0.1373134328358209 0.21492537313432836
0 0.46119402985074626 0.24029850746268658 0.08656716417910448 0.07462686567164178
0 0.44925373134328356 0.4059701492537313 0.21791044776119403 0.13134328358208955
0 0.5477611940298508 0.5462686567164179 0.1880597014925373 0.13134328358208955
0 0.10597014925373134 0.8835820895522388 0.20597014925373133 0.23283582089552238
0 0.3328358208955224 0.6373134328358209 0.03880597014925373 0.03283582089552239
0 0.7119402985074627 0.6985074626865672 0.09850746268656717 0.0955223880597015
0 0.6149253731343284 0.9208955223880597 0.05970149253731343 0.06865671641791045
0 0.7746268656716417 0.6283582089552239 0.014925373134328358 0.07462686567164178
0 0.8731343283582089 0.5313432835820896 0.026865671641791045 0.029850746268656716
0 0.9298507462686567 0.8940298507462686 0.13432835820895522 0.21194029850746268
