0 0.3054263565891473 0.1062015503875969 0.037209302325581395 0.03875968992248062
0 0.17325581395348838 0.23992248062015503 0.07519379844961241 0.056589147286821705
0 0.17635658914728683 0.2593023255813954 0.01627906976744186 0.017829457364341085
0 0.1558139534883721 0.3329457364341085 0.02635658914728682 0.017829457364341085
0 0.22364341085271316 0.36666666666666664 0.04108527131782946 0.03255813953488372
0 0.30891472868217057 0.3922480620155039 0.027131782945736434 0.020155038759689922
0 0.19767441860465115 0.5503875968992248 0.08992248062015504 0.09767441860465116
0 0.3236434108527132 0.48410852713178293 0.008527131782945736 0.01317829457364341
0 0.4174418604651163 0.4941860465116279 0.014728682170542635 0.02248062015503876
0 0.3941860465116279 0.35658914728682173 0.01317829457364341 0.03255813953488372
0 0.5329457364341085 0.3875968992248062 0.03798449612403101 0.027906976744186046
0 0.30736434108527133 0.6046511627906976 0.020930232558139535 0.021705426356589147
0 0.21124031007751937 0.6934108527131783 0.11705426356589148 0.10465116279069768
0 0.3085271317829457 0.6422480620155039 0.02635658914728682 0.027131782945736434
0 0.3953488372093023 0.6643410852713179 0.017054263565891473 0.010852713178294573
0 0.4251937984496124 0.6344961240310077 0.044186046511627906 0.02558139534883721
0 0.6046511627906976 0.5992248062015504 0.027906976744186046 0.02635658914728682
0 0.460077519379845 0.5302325581395348 0.01317829457364341 0.009302325581395349
0 0.448062015503876 0.5364341085271318 0.007751937984496124 0.007751937984496124
0 0.6232558139534884 0.5647286821705426 0.015503875968992248 0.014728682170542635
0 0.6515503875968992 0.5693798449612403 0.014728682170542635 0.014728682170542635
0 0.6686046511627907 0.6007751937984496 0.0069767441860465115 0.007751937984496124
0 0.6286821705426356 0.5065891472868217 0.07596899224806201 0.08604651162790698
0 0.3554263565891473 0.09689922480620156 0.05813953488372093 0.04961240310077519
0 0.40193798449612406 0.16162790697674417 0.050387596899224806 0.06434108527131784
0 0.49496124031007754 0.09031007751937985 0.017829457364341085 0.017829457364341085
0 0.5763565891472868 0.1263565891472868 0.05813953488372093 0.15503875968992248
0 0.5042635658914729 0.28488372093023256 0.07829457364341086 0.04573643410852713
0 0.5627906976744186 0.2934108527131783 0.020155038759689922 0.020930232558139535
0 0.5825581395348837 0.2624031007751938 0.011627906976744186 0.011627906976744186
0 0.6767441860465117 0.15271317829457365 0.12093023255813953 0.08527131782945736
0 0.6957364341085271 0.18875968992248063 0.01627906976744186 0.050387596899224806
0 0.6364341085271318 0.21085271317829457 0.013953488372093023 0.021705426356589147
0 0.7007751937984497 0.22093023255813954 0.04186046511627907 0.013953488372093023
0 0.6503875968992248 0.26666666666666666 0.027906976744186046 0.031007751937984496
0 0.7108527131782946 0.2453488372093023 0.015503875968992248 0.01317829457364341
0 0.7709302325581395 0.1875968992248062 0.020930232558139535 0.012403100775193798
0 0.7848837209302325 0.2065891472868217 0.04573643410852713 0.02248062015503876
0 0.8093023255813954 0.2329457364341085 0.034108527131782945 0.02868217054263566
0 0.7042635658914729 0.3383720930232558 0.020930232558139535 0.03643410852713178
0 0.8131782945736434 0.363953488372093 0.05271317829457364 0.03488372093023256
0 0.8391472868217055 0.32558139534883723 0.017829457364341085 0.027906976744186046
0 0.796124031007752 0.5325581395348837 0.06821705426356589 0.046511627906976744
0 0.8534883720930233 0.5217054263565891 0.03565891472868217 0.020155038759689922
0 0.7779069767441861 0.5751937984496124 0.011627906976744186 0.012403100775193798
0 0.8058139534883721 0.6 0.03953488372093023 0.034108527131782945
0 0.8577519379844961 0.6267441860465116 0.05193798449612403 0.06279069767441861
