0 0.04436860068259386 0.18600682593856654 0.08191126279863481 0.3651877133105802
0 0.011945392491467578 0.4402730375426621 0.017064846416382253 0.06825938566552901
0 0.027303754266211604 0.7201365187713311 0.04778156996587031 0.06143344709897611
0 0.31569965870307165 0.7627986348122867 0.11945392491467577 0.13310580204778158
0 0.5307167235494881 0.5784982935153583 0.17406143344709898 0.051194539249146756
0 0.7098976109215017 0.01877133105802048 0.05460750853242321 0.030716723549488054
0 0.8378839590443686 0.4522184300341297 0.09215017064846416 0.05802047781569966
0 0.8976109215017065 0.5409556313993175 0.20477815699658702 0.09897610921501707
0 0.9607508532423208 0.643344709897611 0.07849829351535836 0.11262798634812286
0 0.5784982935153583 0.6860068259385665 0.06484641638225255 0.05460750853242321
0 0.2525597269624573 0.5170648464163823 0.06143344709897611 0.09215017064846416
0 0.4283276450511945 0.2781569965870307 0.515358361774744 0.3378839590443686
0 0.5102389078498294 0.44197952218430037 0.07849829351535836 0.22184300341296928
