0 0.5413359788359788 0.18415178571428573 0.09457671957671958 0.05530753968253968
0 0.5500992063492064 0.25992063492063494 0.07043650793650794 0.0818452380952381
0 0.5148809523809523 0.28881448412698413 0.016534391534391533 0.018601190476190476
0 0.5400132275132276 0.34337797619047616 0.013888888888888888 0.010168650793650794
0 0.42410714285714285 0.4184027777777778 0.012896825396825396 0.015873015873015872
0 0.39533730158730157 0.4480406746031746 0.00958994708994709 0.015128968253968254
0 0.46808862433862436 0.48127480158730157 0.010912698412698412 0.019097222222222224
0 0.460978835978836 0.5200892857142857 0.03968253968253968 0.018353174603174604
0 0.4938822751322751 0.5314980158730159 0.026124338624338623 0.028273809523809524
0 0.7218915343915344 0.4254712301587302 0.013227513227513227 0.008680555555555556
0 0.7658730158730159 0.3567708333333333 0.02513227513227513 0.018105158730158732
0 0.90244708994709 0.3709077380952381 0.03835978835978836 0.02058531746031746
0 0.8452380952380952 0.40054563492063494 0.046296296296296294 0.029265873015873016
0 0.9232804232804233 0.44221230158730157 0.0701058201058201 0.04662698412698413
0 0.7316468253968254 0.6382688492063492 0.006944444444444444 0.006696428571428571
0 0.7734788359788359 0.6631944444444444 0.028439153439153438 0.014384920634920634
0 0.7417328042328042 0.6824156746031746 0.03571428571428571 0.018601190476190476
0 0.5747354497354498 0.6584821428571429 0.037037037037037035 0.023809523809523808
0 0.5876322751322751 0.6996527777777778 0.05357142857142857 0.043154761904761904
0 0.6941137566137566 0.7256944444444444 0.010582010582010581 0.010416666666666666
0 0.42294973544973546 0.6181795634920635 0.025793650793650792 0.016121031746031748
0 0.4798280423280423 0.6374007936507936 0.013227513227513227 0.00744047619047619
0 0.47585978835978837 0.6887400793650794 0.023148148148148147 0.023809523809523808
0 0.22916666666666666 0.2770337301587302 0.03373015873015873 0.028273809523809524
0 0.25562169312169314 0.2917906746031746 0.01917989417989418 0.020089285714285716
0 0.22156084656084657 0.34151785714285715 0.09523809523809523 0.029265873015873016
0 0.22123015873015872 0.37996031746031744 0.0701058201058201 0.047619047619047616
0 0.15856481481481483 0.4052579365079365 0.020833333333333332 0.022321428571428572
0 0.1744378306878307 0.4226190476190476 0.03869047619047619 0.028273809523809524
0 0.2349537037037037 0.40922619047619047 0.0419973544973545 0.017361111111111112
0 0.2896825396825397 0.41096230158730157 0.02447089947089947 0.01636904761904762
0 0.31398809523809523 0.39211309523809523 0.00496031746031746 0.003968253968253968
0 0.2705026455026455 0.4496527777777778 0.09060846560846561 0.05009920634920635
0 0.2845568783068783 0.4991319444444444 0.022156084656084655 0.009176587301587302
0 0.2777777777777778 0.5199652777777778 0.032407407407407406 0.02554563492063492
0 0.2746362433862434 0.5417906746031746 0.02546296296296296 0.016617063492063492
0 0.2622354497354497 0.5608878968253969 0.031746031746031744 0.016121031746031748
0 0.27843915343915343 0.5756448412698413 0.03968253968253968 0.032242063492063495
0 0.2787698412698413 0.6137152777777778 0.07539682539682539 0.036458333333333336
0 0.2943121693121693 0.6333085317460317 0.015873015873015872 0.020089285714285716
0 0.28935185185185186 0.6798115079365079 0.008597883597883597 0.005456349206349206
0 0.5099206349206349 0.7609126984126984 0.003968253968253968 0.006448412698412698
