0 0.36078042328042326 0.2725694444444444 0.025793650793650792 0.00992063492063492
0 0.3549933862433862 0.3012152777777778 0.09226190476190477 0.050347222222222224
0 0.39533730158730157 0.3472222222222222 0.013558201058201057 0.021825396825396824
0 0.4244378306878307 0.35912698412698413 0.04398148148148148 0.022321428571428572
0 0.3384589947089947 0.38839285714285715 0.05125661375661376 0.03125
0 0.4064153439153439 0.3940972222222222 0.061507936507936505 0.042162698412698416
0 0.6140873015873016 0.29290674603174605 0.023809523809523808 0.022817460317460316
0 0.6545965608465608 0.2943948412698413 0.03670634920634921 0.024305555555555556
0 0.591931216931217 0.3402777777777778 0.032407407407407406 0.022817460317460316
0 0.6013558201058201 0.3629712301587302 0.022156084656084655 0.0339781746031746
0 0.595734126984127 0.3916170634920635 0.0248015873015873 0.02628968253968254
0 0.5851521164021164 0.40662202380952384 0.016865079365079364 0.014136904761904762
0 0.6450066137566137 0.39831349206349204 0.015542328042328041 0.002976190476190476
0 0.5239748677248677 0.41356646825396826 0.018187830687830687 0.008680555555555556
0 0.5353835978835979 0.4461805555555556 0.05291005291005291 0.028273809523809524
0 0.5335648148148148 0.46564980158730157 0.00958994708994709 0.007192460317460317
0 0.6076388888888888 0.43439980158730157 0.018849206349206348 0.01711309523809524
0 0.6129298941798942 0.4636656746031746 0.04662698412698413 0.03149801587301587
0 0.7235449735449735 0.29898313492063494 0.03439153439153439 0.019593253968253968
0 0.7076719576719577 0.38268849206349204 0.022486772486772486 0.013392857142857142
0 0.6572420634920635 0.5286458333333334 0.028108465608465607 0.028025793650793652
0 0.6941137566137566 0.5477430555555556 0.015873015873015872 0.013640873015873016
0 0.4375 0.4905753968253968 0.0205026455026455 0.013392857142857142
0 0.5034722222222222 0.5277777777777778 0.040013227513227514 0.016865079365079364
0 0.5367063492063492 0.4827628968253968 0.011243386243386243 0.008680555555555556
0 0.47156084656084657 0.5556795634920635 0.017195767195767195 0.006200396825396825
0 0.4988425925925926 0.560515873015873 0.011574074074074073 0.01636904761904762
0 0.37103174603174605 0.5699404761904762 0.06349206349206349 0.028769841269841268
0 0.5226521164021164 0.5948660714285714 0.012235449735449735 0.008680555555555556
0 0.482473544973545 0.6357886904761905 0.03505291005291005 0.0339781746031746
0 0.4497354497354497 0.6529017857142857 0.031084656084656083 0.02058531746031746
0 0.4851190476190476 0.6648065476190477 0.08796296296296297 0.02554563492063492
0 0.390707671957672 0.7141617063492064 0.015542328042328041 0.016617063492063492
0 0.482473544973545 0.6843998015873016 0.031746031746031744 0.012648809523809524
0 0.47602513227513227 0.7037450396825397 0.008928571428571428 0.007688492063492063
0 0.43171296296296297 0.7175099206349206 0.008267195767195767 0.00496031746031746
0 0.624834656084656 0.6344246031746031 0.0333994708994709 0.022817460317460316
0 0.5578703703703703 0.6623263888888888 0.023809523809523808 0.019097222222222224
0 0.6187169312169312 0.6521577380952381 0.007936507936507936 0.008680555555555556
0 0.5930886243386243 0.6636904761904762 0.01488095238095238 0.011408730158730158
0 0.5925925925925926 0.7211061507936508 0.00992063492063492 0.005208333333333333
0 0.6079695767195767 0.7462797619047619 0.014219576719576719 0.019345238095238096
0 0.6843584656084656 0.7704613095238095 0.012896825396825396 0.009672619047619048
0 0.4849537037037037 0.7645089285714286 0.03736772486772487 0.046378968253968256
0 0.5023148148148148 0.814484126984127 0.00992063492063492 0.020833333333333332
0 0.5517526455026455 0.7757936507936508 0.013558201058201057 0.006448412698412698
0 0.3819444444444444 0.8030753968253969 0.023809523809523808 0.020337301587301588
0 0.4365079365079365 0.8480902777777778 0.03571428571428571 0.03546626984126984
0 0.5400132275132276 0.8438740079365079 0.01521164021164021 0.035962301587301584
0 0.6238425925925926 0.7931547619047619 0.00496031746031746 0.004464285714285714
0 0.6701388888888888 0.8081597222222222 0.007605820105820105 0.004712301587301587
0 0.5877976190476191 0.8199404761904762 0.020833333333333332 0.008432539682539682
0 0.6101190476190477 0.8149801587301587 0.008597883597883597 0.011408730158730158
0 0.62880291005291 0.8194444444444444 0.00958994708994709 0.008432539682539682
