0 0.3389636779273559 0.2331724663449327 0.0825501651003302 0.08788417576835153
0 0.7321564643129286 0.11303022606045213 0.034798069596139194 0.05486410972821946
0 0.42316484632969265 0.46863093726187455 0.07518415036830074 0.07416814833629667
0 0.29451358902717806 0.7152654305308611 0.09728219456438914 0.11633223266446532
0 0.7941325882651765 0.3616967233934468 0.1333502667005334 0.11633223266446532
0 0.7205994411988824 0.41198882397764797 0.05384810769621539 0.07112014224028448
0 0.7030734061468122 0.5008890017780036 0.063500127000254 0.05181610363220726
0 0.6358902717805436 0.6633223266446533 0.07950215900431801 0.08051816103632208
0 0.5623571247142495 0.7595885191770384 0.1016002032004064 0.0571501143002286
0 0.7338074676149352 0.22466344932689866 0.016764033528067056 0.01143002286004572
