0 0.49430379746835446 0.27949367088607596 0.10860759493670886 0.08962025316455696
0 0.33645569620253163 0.4155696202531646 0.0739240506329114 0.12987341772151897
0 0.07860759493670887 0.6940506329113924 0.024050632911392405 0.03468354430379747
0 0.3560759493670886 0.5779746835443038 0.04329113924050633 0.04759493670886076
0 0.4340506329113924 0.569620253164557 0.047341772151898734 0.06632911392405064
0 0.5243037974683544 0.4567088607594937 0.06734177215189874 0.0729113924050633
0 0.7991139240506329 0.549620253164557 0.12329113924050633 0.12759493670886077
0 0.9515189873417722 0.44721518987341774 0.014936708860759493 0.03468354430379747
0 0.7584810126582279 0.7320253164556962 0.06531645569620254 0.08126582278481012
0 0.600253164556962 0.6634177215189874 0.16658227848101265 0.16126582278481014
0 0.3359493670886076 0.7040506329113924 0.12962025316455697 0.1179746835443038
0 0.3322784810126582 0.9244303797468354 0.08430379746835442 0.056962025316455694
0 0.6551898734177215 0.22569620253164557 0.012658227848101266 0.022025316455696203
