0 0.3209206102922162 0.18412205844323765 0.10343935867597621 0.056891647271786916
0 0.35596069304370315 0.3964313421256788 0.04422032583397983 0.03982415309025084
0 0.19640548228600982 0.43095422808378586 0.02094647013188518 0.028704422032583398
0 0.20972329971554177 0.5850788725109904 0.11636927851047324 0.14507370054305663
0 0.35673648823377296 0.6077062322213602 0.08921644685802949 0.1422291181794673
0 0.5125420222394621 0.47724334109128524 0.08688906128782002 0.10835272821308507
0 0.6423584173778123 0.1247737264028963 0.11792086889061287 0.13369537108869925
0 0.7070080165502974 0.22989397465735711 0.10343935867597621 0.12050685285751228
0 0.6143004913369537 0.2778639772433411 0.13110938712179984 0.16472717869149212
0 0.8183346263253168 0.19149211274890096 0.0395655546935609 0.08766485647788984
0 0.6925265063356607 0.7315748642358417 0.10447375226273597 0.09464701318851823
0 0.8833721230928369 0.40677527799327645 0.022239462115334886 0.014998707008016551
0 0.956167571761055 0.38453581587794156 0.016291698991466253 0.014481510214636669
0 0.9573312645461598 0.40625808119989654 0.02017067494181536 0.017584690974915957
0 0.9599172485130593 0.43806568399275925 0.028963020429273338 0.02068787173519524
0 0.9463408326868373 0.4919834497026118 0.02973881561934316 0.015257305404706491
0 0.9215153866046031 0.6411947245927075 0.012671321437807085 0.03335919317300233
