0 0.3865546218487395 0.20109710550887022 0.06757703081232493 0.07026143790849673
0 0.4424894957983193 0.27987861811391224 0.05584733893557423 0.06956115779645192
0 0.4642857142857143 0.3494397759103641 0.012605042016806723 0.012605042016806723
0 0.35075280112044815 0.3626283846872082 0.03799019607843137 0.06092436974789916
0 0.38191526610644255 0.6554621848739496 0.1055672268907563 0.1092436974789916
0 0.5197829131652661 0.4571661998132586 0.011554621848739496 0.009103641456582634
0 0.5379026610644257 0.478874883286648 0.0351890756302521 0.024976657329598508
0 0.5451680672268907 0.4433940242763772 0.0350140056022409 0.051587301587301584
0 0.739233193277311 0.5609243697478992 0.021183473389355743 0.02334267040149393
0 0.7025560224089635 0.6086601307189542 0.02030812324929972 0.014239028944911298
0 0.7080707282913166 0.4872782446311858 0.017682072829131652 0.03197945845004668
0 0.7179621848739496 0.47875816993464054 0.0014005602240896359 0.002334267040149393
0 0.7727591036414566 0.49334733893557425 0.03221288515406162 0.06699346405228758
0 0.6031162464985994 0.4161998132586368 0.03011204481792717 0.018207282913165267
0 0.6185224089635855 0.3821195144724556 0.04726890756302521 0.03734827264239029
0 0.7212009803921569 0.3488562091503268 0.022584033613445378 0.01984126984126984
0 0.5503326330532213 0.1465919701213819 0.01488095238095238 0.015873015873015872
0 0.6734943977591037 0.2799953314659197 0.02661064425770308 0.05718954248366013
0 0.7354691876750701 0.4596171802054155 0.015406162464985995 0.008403361344537815
0 0.7426470588235294 0.4193510737628385 0.07633053221288516 0.07773109243697479
0 0.7191001400560224 0.38246965452847803 0.013480392156862746 0.01330532212885154
0 0.7439600840336135 0.3566760037348273 0.026785714285714284 0.03127917833800187
0 0.741859243697479 0.33671802054155 0.01873249299719888 0.038982259570494865
0 0.5780812324929971 0.3850373482726424 0.03956582633053221 0.05205415499533147
0 0.6296393557422969 0.3524743230625584 0.06530112044817928 0.04341736694677871
0 0.6003151260504201 0.3295985060690943 0.05357142857142857 0.0765639589169001
0 0.6432072829131653 0.32107843137254904 0.032563025210084036 0.07446311858076564
0 0.7376575630252101 0.6259337068160598 0.03203781512605042 0.04458450046685341
0 0.7506127450980392 0.6472922502334267 0.027485994397759103 0.035480859010270774
0 0.7670693277310925 0.6705182072829131 0.023284313725490197 0.05392156862745098
0 0.7800245098039216 0.6275676937441643 0.012429971988795517 0.0403828197945845
0 0.5956757703081232 0.5473856209150327 0.05374649859943978 0.05042016806722689
0 0.6253501400560224 0.6037581699346405 0.04971988795518207 0.032913165266106444
0 0.6468837535014006 0.5594070961718021 0.07773109243697479 0.1388888888888889
