0 0.5923859126984127 0.9444444444444444 0.031994047619047616 0.04828042328042328
0 0.5386904761904762 0.9370039682539683 0.005456349206349206 0.012235449735449735
0 0.8030753968253969 0.8589616402116402 0.028273809523809524 0.04728835978835979
0 0.7657490079365079 0.8174603174603174 0.018601190476190476 0.03306878306878307
0 0.8715277777777778 0.7614087301587301 0.031746031746031744 0.04861111111111111
0 0.6932043650793651 0.8688822751322751 0.015376984126984126 0.012896825396825396
0 0.7105654761904762 0.8409391534391535 0.041666666666666664 0.0582010582010582
0 0.7115575396825397 0.8225859788359788 0.036210317460317464 0.08101851851851852
0 0.6966765873015873 0.7795965608465608 0.006944444444444444 0.008928571428571428
0 0.6974206349206349 0.656415343915344 0.015873015873015872 0.023148148148148147
0 0.7310267857142857 0.6942791005291006 0.017609126984126984 0.005621693121693121
0 0.6184275793650794 0.5254629629629629 0.04092261904761905 0.06283068783068783
0 0.6512896825396826 0.4885912698412698 0.015873015873015872 0.02414021164021164
0 0.4904513888888889 0.9214616402116402 0.007192460317460317 0.008267195767195767
0 0.32155257936507936 0.48214285714285715 0.018601190476190476 0.011904761904761904
0 0.5880456349206349 0.5704365079365079 0.02132936507936508 0.016534391534391533
0 0.5829613095238095 0.5810185185185185 0.013640873015873016 0.009259259259259259
0 0.6173115079365079 0.5729166666666666 0.00248015873015873 0.004298941798941799
0 0.5245535714285714 0.6648478835978836 0.04563492063492063 0.05787037037037037
0 0.6117311507936508 0.6663359788359788 0.07961309523809523 0.125
0 0.6830357142857143 0.7046957671957672 0.0625 0.06018518518518518
0 0.6576140873015873 0.42923280423280424 0.012152777777777778 0.013227513227513227
0 0.6473214285714286 0.47172619047619047 0.00992063492063492 0.00958994708994709
0 0.6396329365079365 0.4751984126984127 0.006448412698412698 0.010582010582010581
0 0.5767609126984127 0.47767857142857145 0.012648809523809524 0.0248015873015873
0 0.550719246031746 0.4695767195767196 0.03249007936507937 0.031084656084656083
0 0.49950396825396826 0.4935515873015873 0.06696428571428571 0.060515873015873016
0 0.5012400793650794 0.44742063492063494 0.017361111111111112 0.037037037037037035
0 0.4887152777777778 0.40162037037037035 0.0835813492063492 0.08300264550264551
0 0.5731646825396826 0.4019510582010582 0.018353174603174604 0.01488095238095238
0 0.6005704365079365 0.4041005291005291 0.01314484126984127 0.011904761904761904
0 0.5628720238095238 0.3343253968253968 0.019593253968253968 0.03042328042328042
0 0.6333085317460317 0.36408730158730157 0.057787698412698416 0.056878306878306875
0 0.6501736111111112 0.21081349206349206 0.05828373015873016 0.0763888888888889
0 0.5911458333333334 0.19576719576719576 0.015128968253968254 0.012566137566137565
0 0.7005208333333334 0.17195767195767195 0.07564484126984126 0.056216931216931214
0 0.738219246031746 0.18369708994708994 0.009176587301587302 0.011574074074074073
0 0.7214781746031746 0.19543650793650794 0.00992063492063492 0.015873015873015872
0 0.6759672619047619 0.1810515873015873 0.019097222222222224 0.015542328042328041
0 0.5094246031746031 0.17592592592592593 0.028273809523809524 0.042328042328042326
0 0.9081101190476191 0.49950396825396826 0.019097222222222224 0.018849206349206348
0 0.9050099206349206 0.45188492063492064 0.015376984126984126 0.03207671957671958
0 0.8784722222222222 0.45882936507936506 0.039186507936507936 0.0539021164021164
0 0.8263888888888888 0.3718584656084656 0.012896825396825396 0.016203703703703703
0 0.7899305555555556 0.27298280423280424 0.05009920634920635 0.03935185185185185
0 0.8215525793650794 0.3002645502645503 0.06225198412698413 0.05489417989417989
0 0.7978670634920635 0.2294973544973545 0.013888888888888888 0.018518518518518517
0 0.5483630952380952 0.2926587301587302 0.04811507936507937 0.05026455026455026
0 0.8287450396825397 0.5940806878306878 0.014632936507936508 0.014219576719576719
0 0.4837549603174603 0.18816137566137567 0.007192460317460317 0.015873015873015872
0 0.6501736111111112 0.9601521164021164 0.018105158730158732 0.01025132275132275
0 0.6872519841269841 0.7541335978835979 0.003968253968253968 0.01025132275132275
0 0.6374007936507936 0.7465277777777778 0.00496031746031746 0.006944444444444444
0 0.6047867063492064 0.2876984126984127 0.004712301587301587 0.013227513227513227
0 0.6743551587301587 0.4849537037037037 0.008928571428571428 0.006944444444444444
0 0.7632688492063492 0.48032407407407407 0.003720238095238095 0.008928571428571428
0 0.751984126984127 0.4087301587301587 0.003968253968253968 0.005952380952380952
0 0.7203621031746031 0.4103835978835979 0.003224206349206349 0.004629629629629629
0 0.8325892857142857 0.3864087301587302 0.009424603174603174 0.005621693121693121
0 0.3423859126984127 0.5712632275132276 0.003224206349206349 0.007605820105820105
0 0.4283234126984127 0.5248015873015873 0.004464285714285714 0.0033068783068783067
0 0.380828373015873 0.4399801587301587 0.003720238095238095 0.004298941798941799
