0 0.7155987394957983 0.7802287581699346 0.07265406162464987 0.15102707749766572
0 0.665266106442577 0.8663632119514473 0.06722689075630252 0.1342203548085901
0 0.6178221288515406 0.8046218487394958 0.07212885154061624 0.09290382819794585
0 0.5907738095238095 0.7390289449112979 0.0898109243697479 0.10177404295051354
0 0.5022759103641457 0.696078431372549 0.049019607843137254 0.03828197945845005
0 0.8209908963585434 0.6869747899159664 0.04604341736694678 0.0676937441643324
0 0.5934873949579832 0.579248366013072 0.04726890756302521 0.05952380952380952
0 0.687062324929972 0.4107142857142857 0.08280812324929972 0.17390289449112978
0 0.5503326330532213 0.3696311858076564 0.002976190476190476 0.005368814192343604
0 0.5255602240896359 0.39052287581699346 0.042717086834733894 0.08029878618113913
0 0.594187675070028 0.32189542483660133 0.03851540616246499 0.021942110177404293
0 0.6291141456582633 0.22280578898225958 0.21761204481792717 0.18790849673202614
0 0.27205882352941174 0.5210084033613446 0.07528011204481792 0.10504201680672269
0 0.3551295518207283 0.5700280112044818 0.21516106442577032 0.34780578898225956
