0 0.660218253968254 0.8490410052910053 0.03571428571428571 0.026785714285714284
0 0.5923859126984127 0.8802910052910053 0.024057539682539684 0.03505291005291005
0 0.6267361111111112 0.8832671957671958 0.05654761904761905 0.04563492063492063
0 0.32490079365079366 0.5987103174603174 0.036210317460317464 0.0625
0 0.5868055555555556 0.4828042328042328 0.06001984126984127 0.10714285714285714
0 0.6480654761904762 0.45105820105820105 0.04563492063492063 0.032407407407407406
0 0.6005704365079365 0.365244708994709 0.038938492063492064 0.055224867724867725
0 0.6455853174603174 0.3070436507936508 0.010416666666666666 0.018187830687830687
0 0.6715029761904762 0.3716931216931217 0.010168650793650794 0.011904761904761904
0 0.6533978174603174 0.322255291005291 0.006200396825396825 0.015542328042328041
0 0.6665426587301587 0.3287037037037037 0.016617063492063492 0.021825396825396824
0 0.7682291666666666 0.3578042328042328 0.019097222222222224 0.01521164021164021
0 0.7573164682539683 0.2400793650793651 0.03993055555555555 0.04298941798941799
0 0.5946180555555556 0.28852513227513227 0.031001984126984128 0.05588624338624339
0 0.5901537698412699 0.22900132275132276 0.009176587301587302 0.012235449735449735
0 0.5964781746031746 0.23660714285714285 0.005952380952380952 0.005621693121693121
0 0.5818452380952381 0.18584656084656084 0.012896825396825396 0.025793650793650792
0 0.5932539682539683 0.19576719576719576 0.01636904761904762 0.012566137566137565
0 0.6189236111111112 0.20684523809523808 0.012152777777777778 0.026785714285714284
0 0.6041666666666666 0.17956349206349206 0.03521825396825397 0.06283068783068783
0 0.4789186507936508 0.1335978835978836 0.06001984126984127 0.03571428571428571
0 0.9087301587301587 0.5436507936507936 0.011408730158730158 0.016534391534391533
0 0.8663194444444444 0.6170634920634921 0.09375 0.1302910052910053
0 0.8556547619047619 0.4399801587301587 0.04513888888888889 0.0333994708994709
0 0.8123759920634921 0.4036044973544973 0.054811507936507936 0.09292328042328042
0 0.8571428571428571 0.41798941798941797 0.05357142857142857 0.022486772486772486
0 0.8134920634920635 0.29216269841269843 0.02132936507936508 0.013558201058201057
0 0.8354414682539683 0.32936507936507936 0.06076388888888889 0.07738095238095238
0 0.8875248015873016 0.32506613756613756 0.029513888888888888 0.06613756613756613
0 0.8433779761904762 0.2781084656084656 0.03546626984126984 0.03042328042328042
0 0.8521825396825397 0.29282407407407407 0.003472222222222222 0.008928571428571428
0 0.8226686507936508 0.25578703703703703 0.006944444444444444 0.006283068783068783
0 0.8643353174603174 0.2628968253968254 0.006448412698412698 0.013227513227513227
0 0.5391865079365079 0.11557539682539683 0.05803571428571429 0.05588624338624339
0 0.5895337301587301 0.08019179894179894 0.003968253968253968 0.005621693121693121
0 0.6078869047619048 0.11656746031746032 0.020337301587301588 0.09093915343915344
0 0.6340525793650794 0.09755291005291006 0.03298611111111111 0.041005291005291
0 0.671875 0.08812830687830688 0.017361111111111112 0.008928571428571428
0 0.6354166666666666 0.14037698412698413 0.03869047619047619 0.05324074074074074
