0 0.44828869047619047 0.6263227513227513 0.018105158730158732 0.05291005291005291
0 0.4696180555555556 0.5596891534391535 0.023561507936507936 0.03141534391534392
0 0.455109126984127 0.5206679894179894 0.03720238095238095 0.044642857142857144
0 0.279265873015873 0.6555886243386243 0.051587301587301584 0.07837301587301587
0 0.25744047619047616 0.5127314814814815 0.024305555555555556 0.04794973544973545
0 0.26413690476190477 0.44031084656084657 0.003968253968253968 0.012235449735449735
0 0.2993551587301587 0.4212962962962963 0.017857142857142856 0.017195767195767195
0 0.3723958333333333 0.5335648148148148 0.029017857142857144 0.028108465608465607
0 0.3970734126984127 0.49933862433862436 0.020833333333333332 0.036375661375661374
0 0.4114583333333333 0.45089285714285715 0.022321428571428572 0.03207671957671958
0 0.45324900793650796 0.4307208994708995 0.014632936507936508 0.012896825396825396
0 0.4650297619047619 0.39533730158730157 0.020337301587301588 0.014219576719576719
0 0.5959821428571429 0.48412698412698413 0.01984126984126984 0.04431216931216931
0 0.5845734126984127 0.4966931216931217 0.020337301587301588 0.02513227513227513
0 0.6303323412698413 0.48032407407407407 0.028521825396825396 0.0625
0 0.7467757936507936 0.40988756613756616 0.02132936507936508 0.04728835978835979
0 0.6829117063492064 0.357473544973545 0.026041666666666668 0.03439153439153439
0 0.6573660714285714 0.375 0.02058531746031746 0.041666666666666664
0 0.6867559523809523 0.4313822751322751 0.03373015873015873 0.028108465608465607
0 0.7044890873015873 0.39715608465608465 0.006696428571428571 0.027116402116402115
0 0.7183779761904762 0.4252645502645503 0.027529761904761904 0.07341269841269842
0 0.7016369047619048 0.18931878306878308 0.02628968253968254 0.045965608465608467
0 0.44047619047619047 0.3611111111111111 0.017857142857142856 0.011904761904761904
0 0.38566468253968256 0.028439153439153438 0.026785714285714284 0.03571428571428571
0 0.3447420634920635 0.11838624338624339 0.017361111111111112 0.03571428571428571
0 0.37115575396825395 0.17278439153439154 0.01314484126984127 0.03207671957671958
0 0.4880952380952381 0.14963624338624337 0.020833333333333332 0.028108465608465607
0 0.5261656746031746 0.14996693121693122 0.046378968253968256 0.04927248677248677
0 0.404265873015873 0.28273809523809523 0.04265873015873016 0.041666666666666664
0 0.3864087301587302 0.09573412698412699 0.026785714285714284 0.05257936507936508
0 0.4124503968253968 0.14269179894179895 0.047619047619047616 0.07308201058201058
0 0.16827876984126985 0.3349867724867725 0.06522817460317461 0.057539682539682536
0 0.1966765873015873 0.21197089947089948 0.011408730158730158 0.0205026455026455
0 0.2779017857142857 0.23941798941798942 0.028521825396825396 0.04894179894179894
0 0.30146329365079366 0.17311507936507936 0.014136904761904762 0.017526455026455025
0 0.33035714285714285 0.1884920634920635 0.033234126984126984 0.036375661375661374
0 0.3576388888888889 0.19659391534391535 0.01488095238095238 0.03207671957671958
0 0.4072420634920635 0.22156084656084657 0.04017857142857143 0.06349206349206349
0 0.3505704365079365 0.2511574074074074 0.04092261904761905 0.06580687830687831
0 0.45002480158730157 0.2199074074074074 0.05530753968253968 0.0873015873015873
0 0.5001240079365079 0.21329365079365079 0.047867063492063495 0.0667989417989418
0 0.6179315476190477 0.05654761904761905 0.03546626984126984 0.042328042328042326
0 0.5132688492063492 0.05125661375661376 0.10441468253968254 0.10185185185185185
