0 0.646453373015873 0.7063492063492064 0.007192460317460317 0.01984126984126984
0 0.6101190476190477 0.6957671957671958 0.008432539682539682 0.00992063492063492
0 0.6161954365079365 0.6622023809523809 0.00818452380952381 0.011574074074074073
0 0.5953621031746031 0.7268518518518519 0.015625 0.021825396825396824
0 0.6082589285714286 0.628968253968254 0.021081349206349208 0.027116402116402115
0 0.6238839285714286 0.5056216931216931 0.008680555555555556 0.011904761904761904
0 0.6010664682539683 0.5014880952380952 0.019593253968253968 0.02943121693121693
0 0.6377728174603174 0.4462632275132275 0.016617063492063492 0.018187830687830687
0 0.5680803571428571 0.4836309523809524 0.020089285714285716 0.02943121693121693
0 0.5380704365079365 0.45419973544973546 0.00818452380952381 0.010912698412698412
0 0.49404761904761907 0.39632936507936506 0.015376984126984126 0.026785714285714284
0 0.4461805555555556 0.3298611111111111 0.030257936507936508 0.021494708994708994
0 0.42199900793650796 0.3004298941798942 0.00818452380952381 0.013558201058201057
0 0.4722222222222222 0.16848544973544974 0.011408730158730158 0.012896825396825396
0 0.5329861111111112 0.1669973544973545 0.02628968253968254 0.04034391534391534
0 0.3776041666666667 0.10367063492063493 0.013640873015873016 0.026124338624338623
0 0.38231646825396826 0.05191798941798942 0.03149801587301587 0.02513227513227513
0 0.5935019841269841 0.23627645502645503 0.02132936507936508 0.040013227513227514
0 0.6507936507936508 0.19196428571428573 0.015873015873015872 0.04927248677248677
0 0.40029761904761907 0.5196759259259259 0.01240079365079365 0.021494708994708994
0 0.32043650793650796 0.5003306878306878 0.015873015873015872 0.02447089947089947
0 0.2642609126984127 0.5130621693121693 0.01314484126984127 0.012235449735449735
0 0.3420138888888889 0.3090277777777778 0.005952380952380952 0.01025132275132275
0 0.7274305555555556 0.5701058201058201 0.011408730158730158 0.02976190476190476
