0 0.5130208333333334 0.578042328042328 0.026537698412698412 0.03439153439153439
0 0.6030505952380952 0.5482804232804233 0.024057539682539684 0.042328042328042326
0 0.5843253968253969 0.4885912698412698 0.015873015873015872 0.02017195767195767
0 0.6099950396825397 0.4880952380952381 0.004712301587301587 0.010582010582010581
0 0.566468253968254 0.3584656084656085 0.008928571428571428 0.011243386243386243
0 0.5205853174603174 0.34523809523809523 0.010416666666666666 0.010582010582010581
0 0.5782490079365079 0.2881944444444444 0.037450396825396824 0.03207671957671958
0 0.6605902777777778 0.2951388888888889 0.019593253968253968 0.03273809523809524
0 0.6901041666666666 0.3212632275132275 0.028025793650793652 0.028769841269841268
0 0.6374007936507936 0.26703042328042326 0.007936507936507936 0.017526455026455025
0 0.6061507936507936 0.24586640211640212 0.02976190476190476 0.054563492063492064
0 0.6494295634920635 0.25148809523809523 0.10838293650793651 0.036044973544973546
0 0.5217013888888888 0.10796957671957672 0.017609126984126984 0.026124338624338623
0 0.40500992063492064 0.1832010582010582 0.00992063492063492 0.008597883597883597
0 0.3647073412698413 0.22172619047619047 0.051835317460317464 0.07043650793650794
0 0.27914186507936506 0.35466269841269843 0.01066468253968254 0.011574074074074073
0 0.5593998015873016 0.8275462962962963 0.015625 0.021494708994708994
0 0.7238343253968254 0.6726190476190477 0.006200396825396825 0.021825396825396824
0 0.48040674603174605 0.796792328042328 0.011408730158730158 0.012896825396825396
