0 0.22098214285714285 0.6676587301587301 0.03720238095238095 0.03042328042328042
0 0.291046626984127 0.6127645502645502 0.022569444444444444 0.031746031746031744
0 0.15166170634920634 0.6160714285714286 0.025049603174603176 0.046957671957671955
0 0.17447916666666666 0.4742063492063492 0.029513888888888888 0.0582010582010582
0 0.24342757936507936 0.42493386243386244 0.034970238095238096 0.061507936507936505
0 0.18167162698412698 0.2876984126984127 0.010168650793650794 0.007936507936507936
0 0.3923611111111111 0.597718253968254 0.04265873015873016 0.06183862433862434
0 0.43253968253968256 0.48660714285714285 0.01240079365079365 0.01488095238095238
0 0.39955357142857145 0.33878968253968256 0.0248015873015873 0.028108465608465607
0 0.7085813492063492 0.6180555555555556 0.018849206349206348 0.04828042328042328
0 0.6923363095238095 0.5120701058201058 0.028025793650793652 0.022817460317460316
0 0.6467013888888888 0.4938822751322751 0.013640873015873016 0.028769841269841268
0 0.6040426587301587 0.5590277777777778 0.009672619047619048 0.04332010582010582
0 0.5665922619047619 0.41633597883597884 0.023561507936507936 0.026455026455026454
0 0.6009424603174603 0.30787037037037035 0.010912698412698412 0.01984126984126984
0 0.6371527777777778 0.2544642857142857 0.013392857142857142 0.030753968253968252
0 0.6830357142857143 0.2810846560846561 0.016865079365079364 0.023809523809523808
0 0.5848214285714286 0.25892857142857145 0.013392857142857142 0.015873015873015872
0 0.48995535714285715 0.27628968253968256 0.012648809523809524 0.011574074074074073
0 0.34375 0.07192460317460317 0.019345238095238096 0.020833333333333332
0 0.4304315476190476 0.059027777777777776 0.020089285714285716 0.03273809523809524
0 0.4176587301587302 0.17394179894179895 0.00992063492063492 0.007936507936507936
0 0.4626736111111111 0.13508597883597884 0.009672619047619048 0.027447089947089946
0 0.5424107142857143 0.18055555555555555 0.06994047619047619 0.04497354497354497
0 0.5597718253968254 0.15575396825396826 0.016865079365079364 0.01917989417989418
