0 0.7082093253968254 0.6178902116402116 0.019593253968253968 0.04861111111111111
0 0.6923363095238095 0.511739417989418 0.028521825396825396 0.022156084656084655
0 0.6469494047619048 0.4938822751322751 0.013640873015873016 0.02943121693121693
0 0.6037946428571429 0.55869708994709 0.009672619047619048 0.04265873015873016
0 0.6827876984126984 0.28058862433862436 0.01636904761904762 0.02414021164021164
0 0.6371527777777778 0.25578703703703703 0.012896825396825396 0.028108465608465607
0 0.6010664682539683 0.3080357142857143 0.011160714285714286 0.02017195767195767
0 0.5849454365079365 0.2595899470899471 0.013640873015873016 0.013888888888888888
0 0.5422867063492064 0.1746031746031746 0.06919642857142858 0.056216931216931214
0 0.4898313492063492 0.2761243386243386 0.01240079365079365 0.011904761904761904
0 0.43253968253968256 0.48660714285714285 0.01240079365079365 0.015542328042328041
0 0.3922371031746032 0.5978835978835979 0.04290674603174603 0.062169312169312166
0 0.39992559523809523 0.33878968253968256 0.025049603174603176 0.028108465608465607
0 0.4625496031746032 0.13525132275132276 0.00992063492063492 0.027777777777777776
0 0.4174107142857143 0.17394179894179895 0.00992063492063492 0.007275132275132275
0 0.4305555555555556 0.05919312169312169 0.01984126984126984 0.032407407407407406
0 0.34375 0.07242063492063493 0.020337301587301588 0.021164021164021163
0 0.2906746031746032 0.611441798941799 0.022321428571428572 0.028439153439153438
0 0.22135416666666666 0.6678240740740741 0.03695436507936508 0.03009259259259259
0 0.15252976190476192 0.6160714285714286 0.023313492063492064 0.046957671957671955
0 0.17509920634920634 0.47453703703703703 0.028769841269841268 0.057539682539682536
0 0.24330357142857142 0.42509920634920634 0.03422619047619048 0.06183862433862434
0 0.5665922619047619 0.41633597883597884 0.023561507936507936 0.026455026455026454
0 0.18129960317460317 0.2878637566137566 0.010416666666666666 0.007605820105820105
0 0.5646081349206349 0.3384589947089947 0.005704365079365079 0.01025132275132275
