0 0.6820436507936508 0.6106150793650794 0.028273809523809524 0.01951058201058201
0 0.6786954365079365 0.6416997354497355 0.0339781746031746 0.028108465608465607
0 0.6304563492063492 0.6349206349206349 0.034722222222222224 0.0496031746031746
0 0.6070188492063492 0.6448412698412699 0.006696428571428571 0.012566137566137565
0 0.5863095238095238 0.6474867724867724 0.032242063492063495 0.037037037037037035
0 0.5600198412698413 0.6461640211640212 0.011408730158730158 0.01917989417989418
0 0.558531746031746 0.6785714285714286 0.008928571428571428 0.006613756613756613
0 0.5141369047619048 0.6329365079365079 0.013392857142857142 0.018518518518518517
0 0.4921875 0.6587301587301587 0.016617063492063492 0.025793650793650792
0 0.39831349206349204 0.6628637566137566 0.010416666666666666 0.022156084656084655
0 0.40947420634920634 0.6545965608465608 0.006944444444444444 0.00958994708994709
0 0.45622519841269843 0.6177248677248677 0.004712301587301587 0.009259259259259259
0 0.4384920634920635 0.6612103174603174 0.05505952380952381 0.05787037037037037
0 0.3715277777777778 0.6701388888888888 0.005952380952380952 0.004298941798941799
0 0.4341517857142857 0.5785383597883598 0.006200396825396825 0.015542328042328041
0 0.39880952380952384 0.5805224867724867 0.00992063492063492 0.022156084656084655
0 0.39806547619047616 0.5548941798941799 0.007936507936507936 0.015873015873015872
0 0.39012896825396826 0.6031746031746031 0.00744047619047619 0.007275132275132275
0 0.45200892857142855 0.5360449735449735 0.004216269841269841 0.009259259259259259
0 0.4878472222222222 0.5305886243386243 0.011904761904761904 0.018849206349206348
0 0.48821924603174605 0.5076058201058201 0.009672619047619048 0.012566137566137565
0 0.39248511904761907 0.7842261904761905 0.03546626984126984 0.017526455026455025
0 0.3345734126984127 0.7873677248677249 0.010912698412698412 0.023148148148148147
0 0.3382936507936508 0.6911375661375662 0.005952380952380952 0.04034391534391534
0 0.2787698412698413 0.7081679894179894 0.013392857142857142 0.018187830687830687
0 0.25148809523809523 0.7347883597883598 0.01488095238095238 0.012566137566137565
0 0.22470238095238096 0.7037037037037037 0.016865079365079364 0.011243386243386243
0 0.20225694444444445 0.6866732804232805 0.00818452380952381 0.02017195767195767
0 0.2152777777777778 0.5798611111111112 0.020833333333333332 0.06183862433862434
0 0.17447916666666666 0.6430224867724867 0.012152777777777778 0.026124338624338623
0 0.550843253968254 0.5572089947089947 0.007936507936507936 0.013888888888888888
0 0.5553075396825397 0.5105820105820106 0.02628968253968254 0.026455026455026454
0 0.5503472222222222 0.48048941798941797 0.010416666666666666 0.010582010582010581
0 0.5641121031746031 0.44212962962962965 0.012648809523809524 0.013227513227513227
0 0.5456349206349206 0.4373346560846561 0.004464285714285714 0.006283068783068783
0 0.5968501984126984 0.4497354497354497 0.011160714285714286 0.026455026455026454
0 0.6695188492063492 0.4505621693121693 0.014632936507936508 0.022156084656084655
0 0.5861855158730159 0.3718584656084656 0.014632936507936508 0.013558201058201057
0 0.5757688492063492 0.3993055555555556 0.006696428571428571 0.013558201058201057
0 0.654265873015873 0.4019510582010582 0.011408730158730158 0.017526455026455025
0 0.6540178571428571 0.1744378306878307 0.010912698412698412 0.023478835978835978
0 0.6186755952380952 0.1714616402116402 0.01711309523809524 0.008928571428571428
0 0.5763888888888888 0.1595568783068783 0.05109126984126984 0.10152116402116403
0 0.5158730158730159 0.21709656084656084 0.009424603174603174 0.018187830687830687
0 0.5256696428571429 0.18700396825396826 0.046875 0.04265873015873016
0 0.4962797619047619 0.16137566137566137 0.00744047619047619 0.009259259259259259
0 0.5380704365079365 0.10300925925925926 0.016121031746031748 0.021494708994708994
0 0.503844246031746 0.09126984126984126 0.036458333333333336 0.06812169312169312
0 0.47271825396825395 0.1076388888888889 0.005952380952380952 0.007605820105820105
0 0.4650297619047619 0.06531084656084656 0.020833333333333332 0.017526455026455025
0 0.47346230158730157 0.15823412698412698 0.022321428571428572 0.04133597883597884
0 0.4437003968253968 0.12698412698412698 0.018849206349206348 0.041005291005291
0 0.43154761904761907 0.09044312169312169 0.006448412698412698 0.0248015873015873
0 0.41617063492063494 0.08234126984126984 0.003472222222222222 0.007275132275132275
0 0.4175347222222222 0.045304232804232805 0.009176587301587302 0.01521164021164021
0 0.44072420634920634 0.011243386243386243 0.007936507936507936 0.021825396825396824
0 0.3978174603174603 0.007936507936507936 0.010912698412698412 0.013227513227513227
0 0.42212301587301587 0.17394179894179895 0.00744047619047619 0.007936507936507936
0 0.41877480158730157 0.15773809523809523 0.006696428571428571 0.007275132275132275
0 0.4663938492063492 0.2562830687830688 0.02554563492063492 0.0291005291005291
0 0.4486607142857143 0.2855489417989418 0.05654761904761905 0.040674603174603176
0 0.4402281746031746 0.25380291005291006 0.003968253968253968 0.01025132275132275
0 0.5461309523809523 0.2838955026455027 0.030257936507936508 0.045304232804232805
0 0.6888640873015873 0.4173280423280423 0.003720238095238095 0.005291005291005291
0 0.46825396825396826 0.4728835978835979 0.004464285714285714 0.008597883597883597
0 0.462921626984127 0.4332010582010582 0.003224206349206349 0.0033068783068783067
0 0.4497767857142857 0.42939814814814814 0.002232142857142857 0.00496031746031746
0 0.37822420634920634 0.5056216931216931 0.019345238095238096 0.028439153439153438
0 0.31721230158730157 0.4699074074074074 0.033234126984126984 0.08928571428571429
0 0.2744295634920635 0.478505291005291 0.016121031746031748 0.027116402116402115
0 0.2699652777777778 0.4227843915343915 0.017609126984126984 0.030753968253968252
0 0.296875 0.3921957671957672 0.006448412698412698 0.011243386243386243
0 0.2720734126984127 0.3880621693121693 0.008928571428571428 0.00958994708994709
0 0.30580357142857145 0.3498677248677249 0.007936507936507936 0.013888888888888888
0 0.26686507936507936 0.35300925925925924 0.010416666666666666 0.02017195767195767
0 0.2442956349206349 0.3245701058201058 0.012896825396825396 0.04265873015873016
0 0.2482638888888889 0.2761243386243386 0.019345238095238096 0.03902116402116402
0 0.20560515873015872 0.2683531746031746 0.03968253968253968 0.02546296296296296
0 0.16865079365079366 0.29662698412698413 0.03521825396825397 0.057539682539682536
0 0.1209077380952381 0.2746362433862434 0.011656746031746032 0.02017195767195767
0 0.14012896825396826 0.22023809523809523 0.015376984126984126 0.013888888888888888
0 0.3342013888888889 0.1775793650793651 0.046378968253968256 0.04497354497354497
0 0.287078373015873 0.1931216931216931 0.016121031746031748 0.022486772486772486
0 0.28112599206349204 0.16650132275132276 0.009176587301587302 0.014219576719576719
0 0.21329365079365079 0.1572420634920635 0.014384920634920634 0.03009259259259259
0 0.18452380952380953 0.14484126984126985 0.011904761904761904 0.013227513227513227
0 0.3523065476190476 0.009093915343915343 0.033482142857142856 0.017526455026455025
0 0.1684027777777778 0.49867724867724866 0.015376984126984126 0.011904761904761904
0 0.1953125 0.476521164021164 0.007688492063492063 0.021164021164021163
0 0.24107142857142858 0.5241402116402116 0.020337301587301588 0.01917989417989418
0 0.24987599206349206 0.48991402116402116 0.005208333333333333 0.006944444444444444
0 0.23970734126984128 0.4634589947089947 0.00818452380952381 0.013558201058201057
0 0.20337301587301587 0.4427910052910053 0.04265873015873016 0.027116402116402115
0 0.49503968253968256 0.8118386243386243 0.013392857142857142 0.008597883597883597
0 0.14459325396825398 0.18716931216931218 0.008432539682539682 0.011904761904761904
0 0.3696676587301587 0.2604166666666667 0.005208333333333333 0.005621693121693121
