0 0.35726686507936506 0.7681878306878307 0.023561507936507936 0.03571428571428571
0 0.3696676587301587 0.7435515873015873 0.016121031746031748 0.02546296296296296
0 0.43080357142857145 0.7544642857142857 0.036210317460317464 0.06977513227513228
0 0.4548611111111111 0.7698412698412699 0.010416666666666666 0.010582010582010581
0 0.48127480158730157 0.638723544973545 0.025049603174603176 0.060515873015873016
0 0.5115327380952381 0.6031746031746031 0.019593253968253968 0.05026455026455026
0 0.40848214285714285 0.6321097883597884 0.013888888888888888 0.01951058201058201
0 0.38678075396825395 0.5428240740740741 0.038938492063492064 0.03869047619047619
0 0.3402777777777778 0.5358796296296297 0.00744047619047619 0.0036375661375661374
0 0.3506944444444444 0.4933862433862434 0.002976190476190476 0.007275132275132275
0 0.3479662698412698 0.47156084656084657 0.0248015873015873 0.05423280423280423
0 0.40240575396825395 0.4246031746031746 0.003224206349206349 0.005291005291005291
0 0.23177083333333334 0.5085978835978836 0.01066468253968254 0.008597883597883597
0 0.1783234126984127 0.3521825396825397 0.005456349206349206 0.015873015873015872
0 0.1722470238095238 0.33912037037037035 0.007688492063492063 0.012235449735449735
0 0.2769097222222222 0.3253968253968254 0.01066468253968254 0.00992063492063492
0 0.2683531746031746 0.2767857142857143 0.012896825396825396 0.007936507936507936
0 0.25992063492063494 0.12698412698412698 0.01984126984126984 0.032407407407407406
0 0.31460813492063494 0.11987433862433862 0.031994047619047616 0.035383597883597885
0 0.34089781746031744 0.09540343915343916 0.01066468253968254 0.022817460317460316
0 0.3790922619047619 0.1087962962962963 0.005208333333333333 0.006613756613756613
0 0.3635912698412698 0.031084656084656083 0.023809523809523808 0.027116402116402115
0 0.33444940476190477 0.018022486772486773 0.007192460317460317 0.020833333333333332
0 0.27467757936507936 0.02562830687830688 0.022569444444444444 0.03802910052910053
0 0.29836309523809523 0.011408730158730158 0.014384920634920634 0.01951058201058201
0 0.6245039682539683 0.5563822751322751 0.04117063492063492 0.09358465608465609
0 0.6656746031746031 0.4260912698412698 0.02976190476190476 0.03009259259259259
0 0.5791170634920635 0.41650132275132273 0.013392857142857142 0.030753968253968252
0 0.6345486111111112 0.33101851851851855 0.021577380952380952 0.03902116402116402
0 0.6491815476190477 0.32175925925925924 0.004216269841269841 0.005291005291005291
0 0.6187996031746031 0.3020833333333333 0.03373015873015873 0.030753968253968252
0 0.6463293650793651 0.26455026455026454 0.012896825396825396 0.026455026455026454
0 0.6452132936507936 0.2400793650793651 0.03546626984126984 0.027116402116402115
0 0.65625 0.19593253968253968 0.006448412698412698 0.011574074074074073
0 0.7325148809523809 0.39599867724867727 0.020089285714285716 0.028769841269841268
0 0.7390873015873016 0.33978174603174605 0.01240079365079365 0.02414021164021164
0 0.7253224206349206 0.29133597883597884 0.03298611111111111 0.041005291005291
0 0.6000744047619048 0.7412367724867724 0.016121031746031748 0.010912698412698412
0 0.4992559523809524 0.3080357142857143 0.01984126984126984 0.03406084656084656
0 0.4701140873015873 0.3029100529100529 0.046875 0.04431216931216931
0 0.44543650793650796 0.23677248677248677 0.025793650793650792 0.05291005291005291
0 0.5765128968253969 0.08680555555555555 0.004712301587301587 0.006283068783068783
0 0.5860615079365079 0.05968915343915344 0.018849206349206348 0.034722222222222224
0 0.5652281746031746 0.011408730158730158 0.005952380952380952 0.00496031746031746
0 0.5536954365079365 0.006944444444444444 0.012648809523809524 0.013227513227513227
0 0.3804563492063492 0.289021164021164 0.012896825396825396 0.017857142857142856
0 0.3923611111111111 0.3247354497354497 0.008432539682539682 0.010582010582010581
0 0.2786458333333333 0.6297949735449735 0.006696428571428571 0.006283068783068783
0 0.23015873015873015 0.45882936507936506 0.004464285714285714 0.006944444444444444
0 0.16046626984126985 0.49603174603174605 0.00496031746031746 0.005291005291005291
0 0.1453373015873016 0.49074074074074076 0.003472222222222222 0.005291005291005291
0 0.3865327380952381 0.7838955026455027 0.005208333333333333 0.006283068783068783
0 0.5553075396825397 0.36689814814814814 0.003968253968253968 0.002976190476190476
