0 0.6423611111111112 0.6656746031746031 0.03736772486772487 0.023809523809523808
0 0.6278108465608465 0.6165674603174603 0.07837301587301587 0.036210317460317464
0 0.5403439153439153 0.6178075396825397 0.02447089947089947 0.032242063492063495
0 0.48148148148148145 0.6397569444444444 0.03373015873015873 0.019593253968253968
0 0.4399801587301587 0.6248759920634921 0.03009259259259259 0.028025793650793652
0 0.3020833333333333 0.5013640873015873 0.04861111111111111 0.02058531746031746
0 0.23941798941798942 0.5305059523809523 0.008597883597883597 0.011408730158730158
0 0.16815476190476192 0.5102926587301587 0.07175925925925926 0.03447420634920635
0 0.2746362433862434 0.42410714285714285 0.023478835978835978 0.013888888888888888
0 0.2261904761904762 0.4052579365079365 0.031746031746031744 0.018849206349206348
0 0.21428571428571427 0.41220238095238093 0.01521164021164021 0.009424603174603174
0 0.2371031746031746 0.37624007936507936 0.04298941798941799 0.026785714285714284
0 0.21643518518518517 0.35813492063492064 0.011574074074074073 0.012896825396825396
0 0.3209325396825397 0.38467261904761907 0.08101851851851852 0.0441468253968254
0 0.19378306878306878 0.27393353174603174 0.023148148148148147 0.027529761904761904
0 0.32605820105820105 0.31026785714285715 0.017857142857142856 0.01984126984126984
0 0.3212632275132275 0.29030257936507936 0.04332010582010582 0.022569444444444444
0 0.4575066137566138 0.2663690476190476 0.034722222222222224 0.013392857142857142
0 0.3900462962962963 0.15066964285714285 0.04662698412698413 0.015128968253968254
0 0.4756944444444444 0.4164186507936508 0.04728835978835979 0.07490079365079365
0 0.43584656084656087 0.37103174603174605 0.046296296296296294 0.01488095238095238
0 0.5482804232804233 0.3671875 0.023148148148148147 0.037450396825396824
0 0.6216931216931217 0.36830357142857145 0.05555555555555555 0.03670634920634921
0 0.6273148148148148 0.28447420634920634 0.05291005291005291 0.042162698412698416
0 0.7126322751322751 0.3253968253968254 0.06283068783068783 0.023313492063492064
0 0.8010912698412699 0.34188988095238093 0.017526455026455025 0.011160714285714286
0 0.5920965608465608 0.1605902777777778 0.01951058201058201 0.028521825396825396
0 0.7845568783068783 0.2509920634920635 0.028769841269841268 0.022817460317460316
0 0.8624338624338624 0.4210069444444444 0.08267195767195767 0.041914682539682536
0 0.7690145502645502 0.5303819444444444 0.027447089947089946 0.01314484126984127
0 0.7961309523809523 0.5055803571428571 0.03802910052910053 0.006200396825396825
