0 0.7756283068783069 0.3757440476190476 0.03670634920634921 0.03125
0 0.7399140211640212 0.39831349206349204 0.045304232804232805 0.016865079365079364
0 0.6078042328042328 0.3236607142857143 0.012566137566137565 0.018353174603174604
0 0.6096230158730159 0.2622767857142857 0.06646825396825397 0.051835317460317464
0 0.3098544973544973 0.26339285714285715 0.04431216931216931 0.04513888888888889
0 0.31117724867724866 0.3880208333333333 0.026455026455026454 0.04241071428571429
0 0.3287037037037037 0.3472222222222222 0.09126984126984126 0.05704365079365079
0 0.43171296296296297 0.35615079365079366 0.04728835978835979 0.05853174603174603
0 0.48578042328042326 0.4117063492063492 0.06349206349206349 0.029265873015873016
0 0.4209656084656085 0.4548611111111111 0.0205026455026455 0.01240079365079365
0 0.4169973544973545 0.509796626984127 0.027777777777777776 0.014136904761904762
0 0.4184854497354497 0.5002480158730159 0.007605820105820105 0.006944444444444444
0 0.5107473544973545 0.5045882936507936 0.012235449735449735 0.016617063492063492
0 0.4826388888888889 0.4931795634920635 0.045965608465608467 0.033482142857142856
0 0.46164021164021163 0.4584573412698413 0.051587301587301584 0.035962301587301584
0 0.5305886243386243 0.535094246031746 0.02546296296296296 0.0642361111111111
0 0.5520833333333334 0.5266617063492064 0.03670634920634921 0.02703373015873016
0 0.3541666666666667 0.5057043650793651 0.017195767195767195 0.006448412698412698
0 0.28604497354497355 0.5744047619047619 0.011243386243386243 0.017361111111111112
0 0.21279761904761904 0.5533234126984127 0.02546296296296296 0.016865079365079364
0 0.18237433862433863 0.5961061507936508 0.03869047619047619 0.043402777777777776
0 0.6484788359788359 0.47978670634920634 0.026455026455026454 0.037450396825396824
0 0.7013888888888888 0.5188492063492064 0.06878306878306878 0.04017857142857143
0 0.7486772486772487 0.5376984126984127 0.015873015873015872 0.027777777777777776
0 0.8956679894179894 0.6130952380952381 0.03406084656084656 0.025297619047619048
0 0.8293650793650794 0.5938740079365079 0.01455026455026455 0.009176587301587302
0 0.8005952380952381 0.6909722222222222 0.08664021164021164 0.030753968253968252
0 0.4836309523809524 0.5840773809523809 0.008267195767195767 0.013888888888888888
0 0.5304232804232805 0.6067708333333334 0.023809523809523808 0.020089285714285716
0 0.47255291005291006 0.6712549603174603 0.023809523809523808 0.05580357142857143
0 0.39699074074074076 0.7317708333333334 0.026124338624338623 0.056299603174603176
0 0.42046957671957674 0.6843998015873016 0.020833333333333332 0.020089285714285716
0 0.591931216931217 0.6817956349206349 0.02447089947089947 0.012896825396825396
0 0.6038359788359788 0.8244047619047619 0.02447089947089947 0.027777777777777776
0 0.566468253968254 0.6370287698412699 0.005291005291005291 0.005704365079365079
0 0.6731150793650794 0.7368551587301587 0.007605820105820105 0.00744047619047619
0 0.5198412698412699 0.6961805555555556 0.005291005291005291 0.005456349206349206
