0 0.6499669312169312 0.7385912698412699 0.02546296296296296 0.019345238095238096
0 0.623015873015873 0.7243303571428571 0.05026455026455026 0.0339781746031746
0 0.7161044973544973 0.6871279761904762 0.020833333333333332 0.01066468253968254
0 0.7855489417989417 0.7271825396825397 0.022156084656084655 0.00992063492063492
0 0.5277777777777778 0.6910962301587301 0.01984126984126984 0.015128968253968254
0 0.4990079365079365 0.7082093253968254 0.0496031746031746 0.03298611111111111
0 0.5932539682539683 0.6083829365079365 0.0291005291005291 0.01488095238095238
0 0.5773809523809523 0.5553075396825397 0.017195767195767195 0.006944444444444444
0 0.3275462962962963 0.5752728174603174 0.049933862433862435 0.02554563492063492
0 0.3731812169312169 0.5186011904761905 0.03935185185185185 0.01488095238095238
0 0.2638888888888889 0.5364583333333334 0.08333333333333333 0.08482142857142858
0 0.18386243386243387 0.466765873015873 0.0496031746031746 0.027777777777777776
0 0.13938492063492064 0.37028769841269843 0.014219576719576719 0.01984126984126984
0 0.8783068783068783 0.6326884920634921 0.007936507936507936 0.01240079365079365
0 0.7389219576719577 0.5716765873015873 0.059854497354497355 0.05505952380952381
0 0.8146494708994709 0.5553075396825397 0.05324074074074074 0.08283730158730158
0 0.75 0.5208333333333334 0.05291005291005291 0.0248015873015873
0 0.5853174603174603 0.4884672619047619 0.05026455026455026 0.030009920634920636
0 0.5580357142857143 0.4558531746031746 0.018187830687830687 0.012896825396825396
0 0.5353835978835979 0.5171130952380952 0.022486772486772486 0.017857142857142856
0 0.49966931216931215 0.4959077380952381 0.017857142857142856 0.01066468253968254
0 0.5127314814814815 0.43737599206349204 0.03935185185185185 0.07018849206349206
0 0.48908730158730157 0.4321676587301587 0.01984126984126984 0.003720238095238095
0 0.5633267195767195 0.43439980158730157 0.03141534391534392 0.018105158730158732
0 0.7612433862433863 0.4962797619047619 0.0205026455026455 0.0248015873015873
0 0.7943121693121693 0.43005952380952384 0.022486772486772486 0.022817460317460316
0 0.6941137566137566 0.4341517857142857 0.0291005291005291 0.020089285714285716
0 0.7022156084656085 0.38876488095238093 0.018849206349206348 0.014632936507936508
0 0.7275132275132276 0.38256448412698413 0.03439153439153439 0.057291666666666664
0 0.6825396825396826 0.3343253968253968 0.021825396825396824 0.022321428571428572
0 0.35466269841269843 0.4908234126984127 0.026785714285714284 0.017361111111111112
0 0.361276455026455 0.4368799603174603 0.03802910052910053 0.019097222222222224
0 0.36607142857142855 0.2916666666666667 0.05026455026455026 0.025793650793650792
0 0.3098544973544973 0.2982390873015873 0.00992063492063492 0.006200396825396825
0 0.6256613756613757 0.2907986111111111 0.007275132275132275 0.004712301587301587
0 0.6374007936507936 0.24950396825396826 0.016203703703703703 0.018849206349206348
0 0.5825066137566137 0.18452380952380953 0.0419973544973545 0.021825396825396824
0 0.5145502645502645 0.18588789682539683 0.04431216931216931 0.020089285714285716
0 0.5416666666666666 0.24801587301587302 0.037037037037037035 0.020337301587301588
0 0.6853505291005291 0.5286458333333334 0.006944444444444444 0.004216269841269841
