0 0.5396825396825397 0.8263888888888888 0.02513227513227513 0.025297619047619048
0 0.6266534391534392 0.7459077380952381 0.0291005291005291 0.03794642857142857
0 0.5200066137566137 0.7132936507936508 0.0248015873015873 0.017361111111111112
0 0.5337301587301587 0.6218998015873016 0.04431216931216931 0.028521825396825396
0 0.5024801587301587 0.5959821428571429 0.02414021164021164 0.030257936507936508
0 0.6235119047619048 0.5861855158730159 0.0333994708994709 0.05530753968253968
0 0.589781746031746 0.5726686507936508 0.03141534391534392 0.039186507936507936
0 0.5547288359788359 0.5452628968253969 0.021494708994708994 0.013640873015873016
0 0.4685846560846561 0.6258680555555556 0.00992063492063492 0.007688492063492063
0 0.5520833333333334 0.6529017857142857 0.005621693121693121 0.007688492063492063
0 0.6446759259259259 0.4986359126984127 0.045965608465608467 0.02554563492063492
0 0.5628306878306878 0.44035218253968256 0.04298941798941799 0.03050595238095238
0 0.7146164021164021 0.5877976190476191 0.046957671957671955 0.028769841269841268
0 0.8916997354497355 0.5483630952380952 0.03935185185185185 0.021825396825396824
0 0.8935185185185185 0.6051587301587301 0.025793650793650792 0.018849206349206348
0 0.9156746031746031 0.6333085317460317 0.04497354497354497 0.014136904761904762
0 0.8781415343915344 0.6944444444444444 0.049933862433862435 0.028769841269841268
0 0.8050595238095238 0.6572420634920635 0.09556878306878307 0.08680555555555555
0 0.5557208994708994 0.3763640873015873 0.03141534391534392 0.03249007936507937
0 0.6102843915343915 0.3039434523809524 0.03009259259259259 0.028521825396825396
0 0.6150793650793651 0.25496031746031744 0.0582010582010582 0.037698412698412696
0 0.3602843915343915 0.32589285714285715 0.03670634920634921 0.020833333333333332
0 0.30456349206349204 0.2588045634920635 0.02976190476190476 0.016617063492063492
0 0.37136243386243384 0.6129712301587301 0.0205026455026455 0.017609126984126984
0 0.20750661375661375 0.6500496031746031 0.018187830687830687 0.031746031746031744
0 0.2243716931216931 0.5486111111111112 0.020833333333333332 0.00992063492063492
0 0.2296626984126984 0.5131448412698413 0.06117724867724868 0.037698412698412696
0 0.1906415343915344 0.49206349206349204 0.03406084656084656 0.01984126984126984
0 0.1722883597883598 0.5224454365079365 0.008597883597883597 0.011160714285714286
0 0.8832671957671958 0.4025297619047619 0.05026455026455026 0.028769841269841268
0 0.4332010582010582 0.677703373015873 0.011243386243386243 0.006696428571428571
