0 0.8246815669310262 0.285267964431627 0.0410958904109589 0.08026916606584955
0 0.7697668829608267 0.4852198990627253 0.1148762316750781 0.1240086517664023
0 0.3552030761836097 0.4924297043979812 0.06969478490747416 0.06440759432828647
0 0.33886085075702954 0.3500360490266763 0.01057438115837539 0.035328046142754144
0 0.44568613314107186 0.7153328526796443 0.11127132900745013 0.07522230233117039
0 0.2058399423215573 0.520307618360971 0.012256669069935111 0.026435952895938475
0 0.11018985820716173 0.6011776015380919 0.02859889449651526 0.04734438836818072
0 0.21977889930305214 0.4001441961067051 0.09012256669069935 0.1331410718577265
0 0.2343186733958183 0.27457341985099737 0.05912040374909877 0.05407354001441961
0 0.1879355924056717 0.19658735880797884 0.021629416005767843 0.044700793078586876
0 0.6542898341744773 0.8358567652006729 0.007450132179764479 0.0091324200913242
