0 0.5093525179856115 0.4827338129496403 0.3366906474820144 0.19136690647482013
0 0.7100719424460432 0.1460431654676259 0.260431654676259 0.2892086330935252
0 0.4870503597122302 0.10647482014388489 0.07050359712230216 0.07194244604316546
0 0.379136690647482 0.041726618705035974 0.31798561151079136 0.08057553956834532
0 0.1251798561151079 0.13237410071942446 0.05755395683453238 0.07482014388489208
0 0.04460431654676259 0.5237410071942447 0.08633093525179857 0.0920863309352518
0 0.15971223021582734 0.6654676258992805 0.31654676258992803 0.1223021582733813
0 0.9496402877697842 0.2884892086330935 0.025899280575539568 0.04748201438848921
0 0.9848920863309353 0.40431654676258993 0.030215827338129497 0.03741007194244604
0 0.9467625899280575 0.5805755395683453 0.10647482014388489 0.07625899280575539
0 0.7834532374100719 0.7482014388489209 0.0618705035971223 0.09496402877697842
0 0.17338129496402876 0.8697841726618705 0.09064748201438849 0.15683453237410072
0 0.5294964028776978 0.8431654676258993 0.3194244604316547 0.31366906474820144
0 0.013669064748201438 0.9597122302158273 0.02446043165467626 0.08057553956834532
