0 0.7259378084896347 0.13956071076011847 0.018509378084896347 0.016535044422507403
0 0.7406219151036525 0.1277147087857848 0.01085883514313919 0.008144126357354392
0 0.7144619940769991 0.0947680157946693 0.02418558736426456 0.017769002961500493
0 0.6425222112537019 0.10352912142152024 0.047630799605133264 0.0343040473840079
0 0.7470384995064165 0.23914116485686082 0.017769002961500493 0.017769002961500493
0 0.6875616979269497 0.5853899308983218 0.0824284304047384 0.06071076011846002
0 0.6920039486673247 0.6225320829220138 0.008884501480750246 0.010118460019743336
0 0.7528381046396841 0.48692003948667323 0.015054294175715697 0.01826258637709773
0 0.7841806515301086 0.5924234945705824 0.016041461006910167 0.007156959526159921
0 0.8049111549851925 0.43460019743336625 0.020977295162882527 0.015301085883514315
0 0.7462981243830207 0.4106614017769003 0.01332675222112537 0.01332675222112537
0 0.6394373149062191 0.4542201382033564 0.017769002961500493 0.019002961500493583
0 0.6246298124383021 0.4521224086870681 0.007897334649555774 0.007403751233958539
0 0.8269990128331688 0.4988894373149062 0.00839091806515301 0.009131293188548864
0 0.7202615992102666 0.49642152023692004 0.007156959526159921 0.007156959526159921
0 0.7131046396841066 0.7090325765054294 0.11179664363277395 0.059230009871668314
0 0.6700394866732478 0.7404985192497532 0.022211253701875617 0.015054294175715697
0 0.626604146100691 0.682502467917078 0.017275419545903257 0.028381046396841067
0 0.6486920039486673 0.7139684106614018 0.04318854886475815 0.018756169792694965
0 0.6290720631786771 0.7370434353405726 0.03356367226061204 0.02690029615004936
0 0.6053800592300099 0.7322309970384995 0.011846001974333662 0.014313919052319843
0 0.577862783810464 0.7159427443237907 0.012586377097729516 0.010365251727541954
0 0.5570088845014808 0.7418558736426456 0.01579466929911155 0.022211253701875617
0 0.5370187561697927 0.7242102665350444 0.01678183613030602 0.016041461006910167
0 0.6746051332675223 0.8339091806515301 0.08119447186574531 0.10217176702862783
0 0.710883514313919 0.4326258637709773 0.005676209279368213 0.003948667324777887
0 0.5207305034550839 0.8361303060217177 0.008884501480750246 0.01085883514313919
0 0.45890918065153014 0.9209032576505429 0.06293188548864759 0.06984205330700888
0 0.43854886475814414 0.7873889437314906 0.028627838104639685 0.0343040473840079
0 0.4879072063178677 0.7249506416584403 0.007897334649555774 0.018509378084896347
0 0.4629812438302073 0.7272951628825272 0.016288252714708785 0.014313919052319843
0 0.4107847976307996 0.8564906219151036 0.05552813425468904 0.08909180651530109
0 0.259995064165844 0.8674728529121422 0.15967423494570582 0.10069101678183613
0 0.33057749259624875 0.8538993089832182 0.020977295162882527 0.009871668311944718
0 0.31663376110562685 0.8337857847976308 0.0315893385982231 0.021470878578479763
0 0.3050345508390918 0.8571076011846002 0.022211253701875617 0.007403751233958539
0 0.277147087857848 0.8092300098716683 0.030108588351431393 0.04639684106614018
0 0.25579960513326755 0.8253948667324777 0.028874629812438303 0.046150049358341556
0 0.3654985192497532 0.7285291214215203 0.022704837117472853 0.02073050345508391
0 0.34797630799605134 0.7022458045409674 0.02813425468904245 0.02048371174728529
0 0.32243336623889435 0.7119940769990128 0.014067127344521224 0.010365251727541954
0 0.23704343534057257 0.7377838104639685 0.059970384995064165 0.05552813425468904
0 0.25259131293188547 0.6707798617966436 0.09550839091806515 0.1140177690029615
0 0.21618953603158933 0.6241362290227048 0.04146100691016782 0.03751233958538993
0 0.34094274432379074 0.6101924975320829 0.05700888450148075 0.02541954590325765
0 0.36734945705824285 0.5829220138203356 0.027393879565646595 0.034550839091806514
0 0.2559230009871668 0.5620681145113524 0.054294175715695954 0.09649555774925962
0 0.3005923000987167 0.5249259624876604 0.010365251727541954 0.017275419545903257
0 0.2908440276406713 0.5760118460019743 0.007156959526159921 0.011352418558736426
0 0.36019249753208293 0.5114758144126358 0.009131293188548864 0.018509378084896347
0 0.3282329713721619 0.49555774925962487 0.01826258637709773 0.01332675222112537
0 0.25234452122408685 0.47840572556762095 0.057502467917077985 0.032329713721618955
0 0.34526159921026656 0.4671767028627838 0.02566633761105627 0.01579466929911155
0 0.19558242843040474 0.5451628825271471 0.01456071076011846 0.027147087857847977
0 0.19311451135241856 0.5099950641658441 0.05404738400789733 0.02048371174728529
0 0.15560217176702862 0.5161648568608095 0.006663376110562685 0.010612043435340572
0 0.15041954590325765 0.5450394866732478 0.039733464955577495 0.0481243830207305
0 0.1579466929911155 0.4858094768015795 0.04491609081934847 0.01456071076011846
0 0.15325765054294177 0.48926456071076013 0.018756169792694965 0.03381046396841066
0 0.16016781836130306 0.4645853899308983 0.011846001974333662 0.016535044422507403
0 0.18632773938795658 0.41818854886475815 0.01085883514313919 0.012586377097729516
0 0.2486426456071076 0.41436327739387957 0.013573543928923988 0.012833168805528134
0 0.09020236920039487 0.5756416584402764 0.0797137216189536 0.0412142152023692
0 0.08551332675222112 0.6319101678183613 0.05700888450148075 0.07675222112537018
0 0.16720138203356366 0.6259871668311945 0.01702862783810464 0.010118460019743336
0 0.160538005923001 0.6965695952615992 0.09846989141164857 0.06490621915103653
0 0.17102665350444224 0.7534550839091807 0.02073050345508391 0.031095755182625865
0 0.1442497532082922 0.7746791707798618 0.02443237907206318 0.015301085883514315
0 0.13240375123395853 0.7487660414610069 0.03381046396841066 0.031095755182625865
0 0.16991609081934847 0.8046643632773939 0.01702862783810464 0.024925962487660415
0 0.33983218163869694 0.726431391905232 0.007403751233958539 0.007650542941757157
0 0.44434846989141163 0.6478282329713722 0.019002961500493583 0.018756169792694965
0 0.3729022704837118 0.7744323790720632 0.012339585389930898 0.005429417571569595
0 0.5560217176702863 0.6058736426456071 0.031095755182625865 0.027640671273445213
0 0.5714461994076999 0.6836130306021717 0.010118460019743336 0.0024679170779861796
0 0.4633514313919052 0.6008144126357354 0.005676209279368213 0.005676209279368213
0 0.42337117472852914 0.6113030602171767 0.03134254689042448 0.03899308983218164
0 0.440893385982231 0.5698420533070089 0.013079960513326752 0.01579466929911155
0 0.5273938795656465 0.5111056268509379 0.09723593287265547 0.06465942744323791
0 0.4383020730503455 0.4326258637709773 0.028627838104639685 0.012833168805528134
0 0.43657453109575517 0.5043188548864758 0.07798617966436328 0.11377097729516288
0 0.4616238894373149 0.47001480750246794 0.05700888450148075 0.05898321816386969
0 0.4196692991115499 0.3516781836130306 0.032329713721618955 0.050345508390918066
0 0.4642152023692004 0.37166831194471867 0.09279368213228036 0.04096742349457058
0 0.38561204343534056 0.39906219151036526 0.0604639684106614 0.10217176702862783
0 0.3555034550839092 0.43620434353405724 0.01209279368213228 0.008637709772951628
0 0.28812931885488646 0.41436327739387957 0.04565646594274432 0.06219151036525173
0 0.22087857847976308 0.37734452122408685 0.010365251727541954 0.008884501480750246
0 0.23864758144126358 0.39190523198420535 0.07305034550839092 0.03751233958538993
0 0.2346989141164857 0.285538005923001 0.05231984205330701 0.05478775913129319
0 0.1701628825271471 0.26974333662388944 0.015547877591312933 0.02171767028627838
0 0.16720138203356366 0.369817374136229 0.015054294175715697 0.018509378084896347
0 0.131786771964462 0.3436574531095755 0.044422507403751234 0.04072063178677197
0 0.19718657453109575 0.33576011846001974 0.09772951628825272 0.03775913129318855
0 0.08761105626850937 0.4120187561697927 0.08144126357354393 0.08909180651530109
0 0.07058242843040474 0.5106120434353406 0.0508390918065153 0.0700888450148075
0 0.11167324777887463 0.5070335636722606 0.0604639684106614 0.10686080947680159
0 0.3133020730503455 0.3092300098716683 0.08119447186574531 0.11105626850937808
0 0.29516288252714706 0.23716683119447188 0.022211253701875617 0.0315893385982231
0 0.23297137216189537 0.19484205330700888 0.03060217176702863 0.022458045409674235
0 0.2897334649555775 0.11438795656465943 0.055281342546890426 0.05848963474827246
0 0.3395853899308983 0.07996051332675222 0.04738400789733465 0.034550839091806514
0 0.3957305034550839 0.14116485686080948 0.06145113524185587 0.09032576505429418
0 0.44064659427443237 0.11241362290227049 0.019990128331688055 0.03331688055281343
0 0.42830700888450146 0.2033563672260612 0.026406712734452123 0.04343534057255676
0 0.395360315893386 0.2559230009871668 0.11697926949654491 0.10266535044422508
0 0.4890177690029615 0.22013820335636722 0.09106614017769003 0.08341559723593288
0 0.5457798617966436 0.16683119447186576 0.007650542941757157 0.010365251727541954
0 0.5605873642645607 0.27418558736426457 0.03134254689042448 0.0315893385982231
0 0.9022704837117473 0.42522211253701875 0.008884501480750246 0.009871668311944718
0 0.6006910167818361 0.07810957551826259 0.00839091806515301 0.0096248766041461
0 0.5666337611056268 0.1072309970384995 0.00839091806515301 0.01209279368213228
0 0.4877838104639684 0.06959526159921027 0.007156959526159921 0.007897334649555774
0 0.5589832181638696 0.22013820335636722 0.004442250740375123 0.006416584402764067
0 0.6716436327739388 0.08674728529121421 0.027393879565646595 0.013079960513326752
0 0.3336623889437315 0.44064659427443237 0.015301085883514315 0.018509378084896347
0 0.39918558736426457 0.4919792694965449 0.006169792694965449 0.005182625863770977
0 0.4206564659427443 0.45249259624876603 0.011105626850937808 0.007650542941757157
0 0.37833168805528133 0.5998272458045409 0.006910167818361303 0.007650542941757157
0 0.21199407699901282 0.7980009871668312 0.06219151036525173 0.04565646594274432
