0 0.23100794438927508 0.2565789473684211 0.06628599801390268 0.04990069513406157
0 0.41844587884806356 0.2364697120158888 0.07522343594836146 0.14721946375372394
0 0.4666087388282026 0.24044190665342602 0.02904667328699106 0.04692154915590864
0 0.49664846077457797 0.3316782522343595 0.05883813306852036 0.05461767626613704
0 0.5497765640516385 0.35824230387288974 0.007199602780536246 0.011420059582919563
0 0.5616931479642503 0.19960278053624628 0.019116186693147963 0.015392254220456803
0 0.24925521350546176 0.1221449851042701 0.015392254220456803 0.012413108242303872
0 0.7827706057596823 0.25434458788480635 0.01638530287984111 0.023088381330685203
0 0.577085402184707 0.458291956305859 0.0682720953326713 0.07894736842105263
0 0.5381082423038729 0.5045928500496525 0.08267130089374379 0.09458788480635551
0 0.6518123138033763 0.4410377358490566 0.0067030784508440916 0.010178748758689175
0 0.676017874875869 0.4797666335650447 0.13803376365441908 0.09707050645481628
0 0.7399453823237339 0.4997517378351539 0.018123138033763656 0.026812313803376366
0 0.5892502482621649 0.5762164846077458 0.0067030784508440916 0.008440913604766634
0 0.5551142005958292 0.5719960278053625 0.009930486593843098 0.009433962264150943
0 0.6119662363455809 0.5784508440913605 0.00893743793445879 0.006951340615690168
0 0.5004965243296922 0.6021598808341608 0.08788480635551142 0.07323733862959285
0 0.44302383316782523 0.627979145978153 0.027060575968222443 0.017130089374379345
0 0.42862462760675274 0.5574726911618669 0.009185700099304866 0.007199602780536246
0 0.41012909632572 0.5467974180734856 0.022343594836146972 0.033515392254220455
0 0.43830685203574976 0.45121648460774577 0.06529294935451838 0.08167825223435948
0 0.36854518371400197 0.48187686196623636 0.08515392254220457 0.0958291956305859
0 0.32919563058589874 0.5337636544190665 0.009930486593843098 0.006951340615690168
0 0.33416087388282023 0.551266137040715 0.006951340615690168 0.0057100297914597815
0 0.37996524329692155 0.6029046673286991 0.015143992055610725 0.011171797418073486
0 0.35141509433962265 0.6117179741807348 0.00868917576961271 0.008440913604766634
0 0.39113704071499505 0.6480883813306852 0.007199602780536246 0.016137040714995034
0 0.4105014895729891 0.6459781529294936 0.01861966236345581 0.012413108242303872
0 0.43036246276067525 0.6732869910625621 0.01961271102284012 0.010427010923535254
0 0.2872393247269116 0.44662363455809334 0.0029791459781529296 0.006951340615690168
0 0.2959285004965243 0.4834905660377358 0.005958291956305859 0.0067030784508440916
0 0.2950595829195631 0.49652432969215493 0.0067030784508440916 0.007447864945382324
0 0.27097815292949357 0.4738083416087388 0.014150943396226415 0.013157894736842105
0 0.26067527308838134 0.5067030784508441 0.010427010923535254 0.025819265143992055
0 0.2779294935451837 0.5279294935451837 0.020605759682224428 0.04692154915590864
0 0.8929990069513406 0.5063306852035749 0.0605759682224429 0.06479642502482622
0 0.9026812313803376 0.6283515392254221 0.06355511420059583 0.10824230387288977
0 0.7894736842105263 0.6511916583912611 0.018867924528301886 0.033763654419066536
0 0.8382571996027806 0.7077954319761668 0.108987090367428 0.1112214498510427
0 0.8244786494538232 0.8051142005958292 0.01638530287984111 0.015392254220456803
0 0.7559582919563058 0.7816534260178749 0.011420059582919563 0.019116186693147963
0 0.7464001986097318 0.7571996027805362 0.04394240317775571 0.015888778550148957
0 0.6415094339622641 0.6883068520357497 0.022840119165839126 0.023088381330685203
0 0.6780039721946375 0.6778798411122146 0.05660377358490566 0.028550148957298908
0 0.7002234359483615 0.8423535253227408 0.07522343594836146 0.13257199602780537
0 0.7799155908639523 0.8490566037735849 0.039473684210526314 0.02730883813306852
0 0.4759185700099305 0.701961271102284 0.009930486593843098 0.011171797418073486
0 0.5587140019860973 0.6847070506454817 0.009185700099304866 0.009433962264150943
0 0.5890019860973188 0.7014647467725919 0.009185700099304866 0.007199602780536246
0 0.38257199602780534 0.8756206554121152 0.02333664349553128 0.022840119165839126
0 0.4663604766633565 0.9095084409136047 0.08664349553128103 0.09011916583912612
0 0.4060327706057597 0.8231132075471698 0.02904667328699106 0.06628599801390268
0 0.4035501489572989 0.7517378351539226 0.0067030784508440916 0.009433962264150943
0 0.48733862959285007 0.8275819265143992 0.14895729890764647 0.21325719960278053
0 0.40628103277060573 0.7213257199602781 0.005213505461767627 0.0057100297914597815
0 0.37549652432969216 0.7074230387288977 0.0057100297914597815 0.008192651439920555
0 0.3840615690168818 0.7260427010923535 0.005958291956305859 0.0067030784508440916
0 0.3452085402184707 0.7447864945382324 0.0057100297914597815 0.004468718967229395
0 0.3470705064548163 0.769364448857994 0.006951340615690168 0.004468718967229395
0 0.14945382323733863 0.6246276067527309 0.013902681231380337 0.014895729890764648
0 0.10824230387288977 0.6380337636544191 0.014399205561072492 0.014895729890764648
0 0.10811817279046673 0.6613704071499503 0.009185700099304866 0.011420059582919563
0 0.10104270109235353 0.7075471698113207 0.014399205561072492 0.014399205561072492
0 0.13704071499503476 0.7567030784508441 0.06305858987090368 0.0605759682224429
0 0.30114200595829194 0.6917825223435948 0.054121151936444886 0.08316782522343595
0 0.23808341608738828 0.73733862959285 0.13952333664349553 0.09930486593843098
0 0.2891012909632572 0.7771847070506455 0.007199602780536246 0.0057100297914597815
0 0.2728401191658391 0.8001489572989077 0.005958291956305859 0.016881827209533268
0 0.17316285998013903 0.7989076464746773 0.06876861966236346 0.11370407149950347
0 0.22318768619662363 0.8246027805362462 0.014399205561072492 0.021102284011916585
0 0.3259682224428997 0.8489324726911619 0.00893743793445879 0.01464746772591857
0 0.2773088381330685 0.872020854021847 0.12264150943396226 0.11693147964250249
0 0.34756703078450846 0.8969712015888779 0.010427010923535254 0.009930486593843098
0 0.317279046673287 0.8660625620655412 0.005958291956305859 0.0047169811320754715
0 0.15230883813306853 0.5290466732869911 0.0047169811320754715 0.011916583912611719
0 0.04344587884806356 0.5837884806355511 0.02035749751737835 0.028550148957298908
0 0.029915590863952332 0.5422045680238332 0.008192651439920555 0.014399205561072492
0 0.08999503475670308 0.5269364448857994 0.01166832174776564 0.008192651439920555
0 0.10364945382323734 0.6014150943396226 0.00868917576961271 0.007696127110228402
0 0.08987090367428004 0.5948361469712016 0.0029791459781529296 0.003972194637537239
0 0.2192154915590864 0.47393247269116184 0.0029791459781529296 0.003475670307845084
0 0.26787487586891756 0.5746027805362462 0.006454816285998014 0.007199602780536246
0 0.28922542204568025 0.6083664349553128 0.09930486593843098 0.08118172790466732
0 0.6006703078450845 0.42316285998013903 0.008192651439920555 0.004220456802383317
0 0.6422542204568024 0.42229394240317775 0.004965243296921549 0.009930486593843098
0 0.03401191658391261 0.48150446871896724 0.012413108242303872 0.009682224428997022
0 0.32621648460774577 0.37698609731876864 0.004965243296921549 0.003723932472691162
0 0.40007447864945384 0.40280536246276066 0.0067030784508440916 0.005213505461767627
0 0.47157398212512414 0.40044687189672296 0.0047169811320754715 0.004965243296921549
0 0.6242552135054618 0.8716484607745779 0.012164846077457795 0.018867924528301886
0 0.631578947368421 0.9072740814299901 0.014895729890764648 0.01166832174776564
0 0.6720456802383317 0.9101290963257199 0.012909632571996028 0.013406156901688183
0 0.426390268123138 0.7730883813306852 0.0067030784508440916 0.004468718967229395
0 0.551017874875869 0.8195134061569017 0.008192651439920555 0.012909632571996028
