0 0.5064585575888052 0.4967707212055974 0.2529601722282024 0.2378902045209903
0 0.7384284176533907 0.61248654467169 0.030139935414424113 0.04951560818083961
0 0.3966630785791173 0.7933261571582346 0.024757804090419805 0.017222820236813777
0 0.08934337997847147 0.8035522066738429 0.03659849300322928 0.01829924650161464
0 0.37782561894510225 0.10118406889128095 0.12701829924650163 0.20021528525296017
0 0.17545748116254037 0.20182992465016147 0.31646932185145316 0.4015069967707212
0 0.9160387513455328 0.7222820236813778 0.03444564047362755 0.021528525296017224
0 0.9585575888051668 0.8934337997847147 0.04198062432723358 0.021528525296017224
0 0.8256189451022605 0.9364908503767492 0.232508073196986 0.12701829924650163
0 0.24273412271259417 0.9149623250807319 0.2658772874058127 0.17007534983853606
