0 0.7991498405951116 0.08820403825717323 0.06588735387885228 0.07863974495217853
0 0.657279489904357 0.13071200850159406 0.03294367693942614 0.031880977683315624
0 0.020722635494155154 0.11742826780021254 0.039319872476089264 0.07545164718384698
0 0.9314558979808714 0.5430393198724761 0.07120085015940489 0.02975557917109458
0 0.5175345377258236 0.5127523910733263 0.35494155154091395 0.26461211477151964
0 0.5350690754516472 0.6710945802337939 0.03719447396386823 0.04569606801275239
0 0.25770456960680127 0.9309245483528161 0.07970244420828905 0.12114771519659936
0 0.6301806588735388 0.9569606801275239 0.4760892667375133 0.08607863974495218
0 0.009564293304994687 0.6078639744952179 0.01700318809776833 0.10414452709883103
0 0.020191285866099893 0.9341126461211477 0.03825717321997875 0.023379383634431455
0 0.03506907545164718 0.2555791710945802 0.008501594048884165 0.015940488841657812
