0 0.8918786692759295 0.2563600782778865 0.02837573385518591 0.0273972602739726
0 0.9525440313111546 0.2651663405088063 0.06947162426614481 0.07436399217221135
0 0.2876712328767123 0.010763209393346379 0.11545988258317025 0.019569471624266144
0 0.15166340508806261 0.17857142857142858 0.11545988258317025 0.049902152641878667
0 0.08170254403131115 0.2563600782778865 0.049902152641878667 0.0273972602739726
0 0.5078277886497065 0.4897260273972603 0.38747553816046965 0.2534246575342466
0 0.6188845401174168 0.8639921722113503 0.1223091976516634 0.11154598825831702
0 0.09295499021526418 0.8864970645792564 0.1232876712328767 0.1506849315068493
0 0.1643835616438356 0.724559686888454 0.050880626223091974 0.05968688845401174
0 0.24706457925636008 0.3258317025440313 0.22015655577299412 0.23483365949119372
0 0.03131115459882583 0.09980430528375733 0.060665362035225046 0.19765166340508805
0 0.15166340508806261 0.4657534246575342 0.3013698630136986 0.45792563600782776
0 0.9902152641878669 0.7397260273972602 0.019569471624266144 0.12720156555772993
