0 0.6466400199850112 0.28828378715963027 0.07869098176367724 0.10092430676992256
0 0.6502623032725456 0.41581314014489135 0.05845615788158881 0.07019735198601049
0 0.7155883087684237 0.49700224831376466 0.08818386210342244 0.05870597052210842
0 0.6753684736447664 0.6338995753185112 0.1021733699725206 0.09168123907069697
0 0.7835373469897576 0.6573819635273545 0.04571571321508868 0.06769922558081438
0 0.6754933799650262 0.7008493629777667 0.02448163877092181 0.014239320509617787
0 0.664751436422683 0.7287034723957032 0.04596552585560829 0.01598800899325506
0 0.6916062952785411 0.16749937546839871 0.11416437671746191 0.07319510367224581
0 0.6255308518611041 0.16887334499125656 0.04496627529352985 0.019985011241568824
0 0.6045465900574569 0.1357731701224082 0.017986510117411942 0.028728453659755182
0 0.5809392955283538 0.18810891831126655 0.011741194104421683 0.013989507869098177
0 0.6049213090182364 0.19248063952035974 0.03422433175118661 0.028228828378715962
0 0.6586310267299526 0.061828628528603546 0.0387209592805396 0.03572320759430427
0 0.5319760179865101 0.05620784411691231 0.03222583062702973 0.028978266300274794
0 0.5109917561828629 0.17849113165126154 0.015238571071696228 0.01673744691481389
0 0.5316012990257307 0.1966025480889333 0.01598800899325506 0.021983512365725707
0 0.5527104671496378 0.17137147139645267 0.013739695228578565 0.010492130901823632
0 0.4345490881838621 0.1793654758930802 0.015738196352735448 0.014489133150137397
0 0.4610292280789408 0.17824131901074194 0.007744191856107919 0.019235573320009993
0 0.41631276542593054 0.0971771171621284 0.018735948038970773 0.01898576067949038
0 0.39407944041968523 0.05845615788158881 0.03222583062702973 0.039470397202098426
0 0.3255058705970522 0.062203347489382964 0.02648013989507869 0.011491381463902073
0 0.41144141893579816 0.23907069697726704 0.029477891581314013 0.03447414439170622
0 0.3183862103422433 0.15001249063202599 0.028728453659755182 0.022732950287284538
0 0.33662253310017487 0.17624281788658505 0.022233325006245315 0.020234823882088433
0 0.29265550836872345 0.15725705720709468 0.013739695228578565 0.011741194104421683
0 0.3443667249562828 0.22195853110167374 0.011741194104421683 0.007744191856107919
0 0.3838371221583812 0.3060204846365226 0.05620784411691231 0.08593554833874593
0 0.2894079440419685 0.2791656257806645 0.030227329502872845 0.021234074444166876
0 0.3040219835123657 0.30052460654509117 0.021483887084686484 0.009992505620784412
0 0.277541843617287 0.30264801398950786 0.021983512365725707 0.007744191856107919
0 0.23707219585311018 0.14164376717461905 0.06595053709717712 0.06045465900574569
0 0.20759430427179615 0.17974019485385961 0.05945540844366725 0.0582063452410692
0 0.22295778166375219 0.2187109667749188 0.004246814888833375 0.005246065450911816
0 0.24868848363727206 0.25343492380714466 0.029727704221833625 0.047214589058206344
0 0.12340744441668748 0.26055458406195353 0.04996252810392206 0.05845615788158881
0 0.22932800399700226 0.29502872845365974 0.16837371971021733 0.1578815888083937
0 0.1552585560829378 0.31863602298276295 0.054209342992755434 0.03422433175118661
0 0.1286535098675993 0.3404946290282288 0.010492130901823632 0.008993255058705971
0 0.13652260804396701 0.360229827629278 0.0267299525355983 0.02448163877092181
0 0.08718461154134399 0.3396202847864102 0.05395953035223582 0.04271796152885336
0 0.09080689482887834 0.3862103422433175 0.018735948038970773 0.01748688483637272
0 0.08143892080939295 0.4069447914064452 0.00799400449662753 0.00849362977766675
0 0.09992505620784412 0.4313015238571072 0.0069947539345490885 0.005745690731951037
0 0.04471646265301024 0.4761428928303772 0.012490632025980514 0.0364726455158631
0 0.1748688483637272 0.42030976767424433 0.09193105171121659 0.07369472895328504
0 0.23707219585311018 0.3849612790407195 0.012990257307019736 0.013489882588058956
0 0.21446415188608545 0.37796652510617035 0.007744191856107919 0.010492130901823632
0 0.2228328753434924 0.4411691231576318 0.02747939045715713 0.010991756182862853
0 0.23182613040219835 0.45291031726205344 0.0069947539345490885 0.0044966275293529855
0 0.2749188108918311 0.45078690981763675 0.07269547839120659 0.14863852110916811
0 0.2209592805395953 0.4800149887584312 0.011241568823382463 0.007244566575068698
0 0.3151386460154884 0.44629028228828377 0.013240069947539346 0.01673744691481389
0 0.2887834124406695 0.5318511116662503 0.0069947539345490885 0.01848613539845116
0 0.18248813389957533 0.5136147889083188 0.062203347489382964 0.08093929552835373
0 0.22957781663752186 0.5552085935548339 0.06595053709717712 0.022732950287284538
0 0.33075193604796405 0.5409692730452161 0.011491381463902073 0.01673744691481389
0 0.31289033225081186 0.5604546590057456 0.04321758680989258 0.039220584561578814
0 0.25880589557831624 0.5966774918810892 0.01648763427429428 0.01723707219585311
0 0.29502872845365974 0.597426929802648 0.012990257307019736 0.014239320509617787
0 0.36510117411941045 0.6107919060704472 0.024231826130402197 0.028978266300274794
0 0.3758431176617537 0.6316512615538347 0.012240819385460905 0.011741194104421683
0 0.25368473644766426 0.6546340244816388 0.09767674244316762 0.08068948288783412
0 0.22932800399700226 0.660879340494629 0.029477891581314013 0.028728453659755182
0 0.344241818636023 0.6671246565076193 0.07394454159380465 0.0607044716462653
0 0.38196352735448413 0.7354484136897327 0.017986510117411942 0.01848613539845116
0 0.11553834624031976 0.62178366225331 0.04071946040469648 0.0364726455158631
0 0.1556332750437172 0.6496377716712466 0.022483137646764927 0.014239320509617787
0 0.08518611041718711 0.6831126655008743 0.06045465900574569 0.10716962278291281
0 0.17674244316762427 0.733325006245316 0.01773669747689233 0.01723707219585311
0 0.24881338995753186 0.7722957781663752 0.014988758431176618 0.021733699725206095
0 0.1556332750437172 0.786535098675993 0.030976767424431676 0.01823632275793155
0 0.3444916312765426 0.7719210592055958 0.011991006744941295 0.011491381463902073
0 0.37559330502123406 0.7707969023232576 0.006744941294029478 0.014738945790657007
0 0.3707219585311017 0.7970272295778167 0.020484636522608044 0.020734449163127656
0 0.43779665251061706 0.7570572070946789 0.04021983512365726 0.09567824131901075
0 0.5017486884836373 0.6483887084686485 0.00874344241818636 0.010242318261304022
0 0.5644516612540594 0.9231826130402199 0.11666250312265801 0.06969772670497128
0 0.5881838621034224 0.5417187109667749 0.027229577816637523 0.014239320509617787
0 0.5112415688233825 0.5098675993005246 0.10067449412940295 0.0899325505870597
0 0.5389707719210592 0.5316012990257307 0.045216087934049465 0.047464401698725955
0 0.4391706220334749 0.49637771671246567 0.011491381463902073 0.020484636522608044
0 0.34586560079940043 0.43829627779165625 0.023732200849362978 0.015238571071696228
0 0.3379965026230327 0.3864601548838371 0.008993255058705971 0.010492130901823632
0 0.36485136147889086 0.4048213839620285 0.024231826130402197 0.010741943542343242
0 0.43217586809892583 0.37346989757681737 0.06095428428678491 0.07144641518860854
0 0.45990507119660257 0.4374219335498376 0.013489882588058956 0.0169872595553335
0 0.43417436922308267 0.4290532100924307 0.0509617786660005 0.07619285535848114
0 0.4941294029477892 0.28990756932300776 0.008993255058705971 0.0097426929802648
0 0.12902822882837872 0.5039970022483138 0.014738945790657007 0.006744941294029478
0 0.3983262553085186 0.5529602797901574 0.004746440169872595 0.005745690731951037
0 0.14389208093929554 0.1989757681738696 0.014988758431176618 0.01823632275793155
