0 0.5565476190476191 0.6047867063492064 0.0205026455026455 0.009672619047619048
0 0.5241402116402116 0.5636160714285714 0.01521164021164021 0.01066468253968254
0 0.46709656084656087 0.6119791666666666 0.022156084656084655 0.024553571428571428
0 0.460978835978836 0.6706349206349206 0.011904761904761904 0.013392857142857142
0 0.41782407407407407 0.5181051587301587 0.045304232804232805 0.0441468253968254
0 0.38244047619047616 0.5467509920634921 0.04861111111111111 0.057787698412698416
0 0.359292328042328 0.5718005952380952 0.022156084656084655 0.009176587301587302
0 0.390707671957672 0.6004464285714286 0.014219576719576719 0.010416666666666666
0 0.37566137566137564 0.589781746031746 0.011904761904761904 0.006944444444444444
0 0.6215277777777778 0.6682787698412699 0.004298941798941799 0.007192460317460317
0 0.5198412698412699 0.5390625 0.032407407407407406 0.029017857142857144
0 0.5912698412698413 0.5096726190476191 0.03373015873015873 0.026785714285714284
0 0.5205026455026455 0.49169146825396826 0.017195767195767195 0.007688492063492063
0 0.5363756613756614 0.4720982142857143 0.005291005291005291 0.004712301587301587
0 0.8247354497354498 0.6413690476190477 0.027777777777777776 0.016865079365079364
0 0.7974537037037037 0.6987847222222222 0.016865079365079364 0.014632936507936508
0 0.9123677248677249 0.46316964285714285 0.05092592592592592 0.03149801587301587
0 0.9447751322751323 0.5491071428571429 0.03373015873015873 0.017857142857142856
0 0.8619378306878307 0.45622519841269843 0.03802910052910053 0.01711309523809524
0 0.548776455026455 0.44543650793650796 0.02414021164021164 0.022321428571428572
0 0.5262896825396826 0.43452380952380953 0.018849206349206348 0.011904761904761904
0 0.578207671957672 0.365203373015873 0.01025132275132275 0.014136904761904762
0 0.5168650793650794 0.3841765873015873 0.02513227513227513 0.014384920634920634
0 0.5028108465608465 0.3428819444444444 0.016865079365079364 0.010168650793650794
0 0.48759920634920634 0.3220486111111111 0.015542328042328041 0.028521825396825396
0 0.5360449735449735 0.3315972222222222 0.04034391534391534 0.04861111111111111
0 0.6021825396825397 0.26537698412698413 0.10119047619047619 0.10466269841269842
0 0.6388888888888888 0.21254960317460317 0.03373015873015873 0.023313492063492064
0 0.5335648148148148 0.22284226190476192 0.15641534391534392 0.06225198412698413
0 0.7326388888888888 0.31882440476190477 0.015542328042328041 0.012152777777777778
0 0.8072089947089947 0.3010912698412698 0.010582010582010581 0.01636904761904762
0 0.638723544973545 0.3003472222222222 0.011574074074074073 0.011408730158730158
0 0.40988756613756616 0.21924603174603174 0.06580687830687831 0.025793650793650792
0 0.3802910052910053 0.22594246031746032 0.017195767195767195 0.012896825396825396
0 0.3888888888888889 0.24293154761904762 0.018518518518518517 0.011656746031746032
0 0.45949074074074076 0.2951388888888889 0.016865079365079364 0.014384920634920634
0 0.2820767195767196 0.25297619047619047 0.047619047619047616 0.0441468253968254
0 0.24983465608465608 0.2640128968253968 0.012896825396825396 0.00818452380952381
0 0.24520502645502645 0.27653769841269843 0.020833333333333332 0.011904761904761904
0 0.2361111111111111 0.28621031746031744 0.023148148148148147 0.010912698412698412
0 0.26256613756613756 0.2904265873015873 0.02976190476190476 0.017857142857142856
0 0.21246693121693122 0.3141121031746032 0.020833333333333332 0.012152777777777778
0 0.2490079365079365 0.32502480158730157 0.017857142857142856 0.01711309523809524
0 0.25925925925925924 0.3550347222222222 0.031746031746031744 0.028521825396825396
0 0.21858465608465608 0.3464781746031746 0.007936507936507936 0.00744047619047619
0 0.20552248677248677 0.35974702380952384 0.00958994708994709 0.006200396825396825
0 0.23660714285714285 0.40314980158730157 0.03670634920634921 0.023065476190476192
0 0.3235780423280423 0.34598214285714285 0.03406084656084656 0.039186507936507936
0 0.32043650793650796 0.40513392857142855 0.083994708994709 0.05133928571428571
0 0.367228835978836 0.46217757936507936 0.05257936507936508 0.04241071428571429
0 0.4322089947089947 0.45436507936507936 0.021825396825396824 0.020337301587301588
0 0.4932208994708995 0.45200892857142855 0.017526455026455025 0.0220734126984127
0 0.18303571428571427 0.5163690476190477 0.04398148148148148 0.03273809523809524
0 0.19791666666666666 0.4623015873015873 0.01488095238095238 0.013888888888888888
0 0.2698412698412698 0.5055803571428571 0.013227513227513227 0.012648809523809524
0 0.25132275132275134 0.5190972222222222 0.023809523809523808 0.008928571428571428
0 0.25033068783068785 0.5334821428571429 0.018518518518518517 0.016865079365079364
0 0.18766534391534392 0.5500992063492064 0.016203703703703703 0.014384920634920634
0 0.20816798941798942 0.5656001984126984 0.01488095238095238 0.009176587301587302
0 0.3167989417989418 0.5519593253968254 0.01917989417989418 0.007688492063492063
0 0.3373015873015873 0.5669642857142857 0.013227513227513227 0.011904761904761904
0 0.31712962962962965 0.5889136904761905 0.015873015873015872 0.017609126984126984
0 0.26157407407407407 0.5942460317460317 0.023148148148148147 0.014384920634920634
0 0.24156746031746032 0.5729166666666666 0.09424603174603174 0.03869047619047619
0 0.21362433862433863 0.5973462301587301 0.017857142857142856 0.01066468253968254
0 0.26322751322751325 0.6212797619047619 0.10052910052910052 0.05357142857142857
0 0.2853835978835979 0.6633184523809523 0.013227513227513227 0.011656746031746032
0 0.5697751322751323 0.15811011904761904 0.06613756613756613 0.038938492063492064
0 0.4386574074074074 0.2900545634920635 0.044642857142857144 0.04985119047619048
