0 0.3349867724867725 0.2517361111111111 0.082010582010582 0.0689484126984127
0 0.3566468253968254 0.3020833333333333 0.018849206349206348 0.01240079365079365
0 0.4052579365079365 0.3461061507936508 0.026124338624338623 0.01711309523809524
0 0.47156084656084657 0.27120535714285715 0.013888888888888888 0.016121031746031748
0 0.4495701058201058 0.20969742063492064 0.021494708994708994 0.01711309523809524
0 0.5095899470899471 0.24590773809523808 0.037037037037037035 0.019593253968253968
0 0.5168650793650794 0.2821180555555556 0.04034391534391534 0.020089285714285716
0 0.5206679894179894 0.3108878968253968 0.016203703703703703 0.012648809523809524
0 0.5477843915343915 0.37958829365079366 0.026785714285714284 0.024057539682539684
0 0.6064814814814815 0.33556547619047616 0.027116402116402115 0.020833333333333332
0 0.6995701058201058 0.19159226190476192 0.03406084656084656 0.024057539682539684
0 0.814484126984127 0.27033730158730157 0.03505291005291005 0.017857142857142856
0 0.84755291005291 0.32601686507936506 0.011904761904761904 0.020089285714285716
0 0.734292328042328 0.2578125 0.012235449735449735 0.007688492063492063
0 0.6625330687830688 0.22532242063492064 0.035383597883597885 0.012648809523809524
0 0.6521164021164021 0.23846726190476192 0.01455026455026455 0.00818452380952381
0 0.6669973544973545 0.2584325396825397 0.005291005291005291 0.00744047619047619
0 0.6931216931216931 0.3162202380952381 0.11375661375661375 0.05555555555555555
0 0.69130291005291 0.3576388888888889 0.022817460317460316 0.023313492063492064
0 0.6531084656084656 0.36743551587301587 0.023809523809523808 0.016121031746031748
0 0.6711309523809523 0.36061507936507936 0.00958994708994709 0.007936507936507936
0 0.7848875661375662 0.3696676587301587 0.03207671957671958 0.025049603174603176
0 0.6841931216931217 0.3976934523809524 0.08465608465608465 0.034970238095238096
0 0.7380952380952381 0.396453373015873 0.007275132275132275 0.007192460317460317
0 0.7795965608465608 0.42199900793650796 0.006944444444444444 0.006200396825396825
0 0.6418650793650794 0.43861607142857145 0.07539682539682539 0.04389880952380952
0 0.6903108465608465 0.4723462301587302 0.03207671957671958 0.058779761904761904
0 0.6860119047619048 0.490203373015873 0.07506613756613757 0.07018849206349206
0 0.6443452380952381 0.4986359126984127 0.015542328042328041 0.015128968253968254
0 0.6235119047619048 0.48313492063492064 0.026124338624338623 0.03869047619047619
0 0.7931547619047619 0.542906746031746 0.016203703703703703 0.015376984126984126
0 0.8776455026455027 0.46106150793650796 0.01917989417989418 0.005456349206349206
0 0.8444113756613757 0.6142113095238095 0.030753968253968252 0.015128968253968254
0 0.7524801587301587 0.6359126984126984 0.030753968253968252 0.02628968253968254
0 0.7547949735449735 0.667906746031746 0.0539021164021164 0.03720238095238095
0 0.685681216931217 0.6710069444444444 0.014219576719576719 0.019593253968253968
0 0.6845238095238095 0.7037450396825397 0.03505291005291005 0.027529761904761904
0 0.6640211640211641 0.7276785714285714 0.008597883597883597 0.009424603174603174
0 0.42923280423280424 0.7802579365079365 0.09788359788359788 0.039186507936507936
0 0.4270833333333333 0.6930803571428571 0.05257936507936508 0.05580357142857143
0 0.4720568783068783 0.6995287698412699 0.02414021164021164 0.015625
0 0.4558531746031746 0.7043650793650794 0.0248015873015873 0.01636904761904762
0 0.39103835978835977 0.6923363095238095 0.011574074074074073 0.014632936507936508
0 0.5143849206349206 0.6681547619047619 0.03935185185185185 0.015873015873015872
0 0.5572089947089947 0.6209077380952381 0.07605820105820106 0.043402777777777776
0 0.44146825396825395 0.6016865079365079 0.03571428571428571 0.026785714285714284
0 0.4568452380952381 0.574280753968254 0.028108465608465607 0.018105158730158732
0 0.5127314814814815 0.5669642857142857 0.010912698412698412 0.007936507936507936
0 0.5542328042328042 0.5880456349206349 0.01521164021164021 0.012896825396825396
0 0.5575396825396826 0.5142609126984127 0.017857142857142856 0.01711309523809524
0 0.5458002645502645 0.4175347222222222 0.03009259259259259 0.01314484126984127
0 0.4401455026455027 0.41220238095238093 0.01455026455026455 0.00992063492063492
0 0.4019510582010582 0.4600694444444444 0.03009259259259259 0.018353174603174604
0 0.43039021164021163 0.4642857142857143 0.010912698412698412 0.008432539682539682
0 0.45949074074074076 0.44208829365079366 0.013558201058201057 0.007192460317460317
0 0.5861441798941799 0.1824156746031746 0.036044973544973546 0.016617063492063492
0 0.18981481481481483 0.33779761904761907 0.07076719576719577 0.01984126984126984
0 0.2027116402116402 0.3603670634920635 0.0582010582010582 0.02132936507936508
0 0.2562830687830688 0.3897569444444444 0.042328042328042326 0.03546626984126984
0 0.2705026455026455 0.44308035714285715 0.07539682539682539 0.04836309523809524
0 0.28174603174603174 0.47842261904761907 0.022486772486772486 0.027281746031746032
0 0.18369708994708994 0.41716269841269843 0.026785714285714284 0.01488095238095238
0 0.16898148148148148 0.39719742063492064 0.04828042328042328 0.020089285714285716
0 0.1896494708994709 0.38244047619047616 0.012896825396825396 0.013888888888888888
0 0.16567460317460317 0.3740079365079365 0.025793650793650792 0.01636904761904762
0 0.12516534391534392 0.38330853174603174 0.040013227513227514 0.030009920634920636
0 0.12417328042328042 0.4185267857142857 0.028108465608465607 0.015625
0 0.20866402116402116 0.5442708333333334 0.025793650793650792 0.011160714285714286
0 0.14699074074074073 0.5405505952380952 0.012896825396825396 0.011160714285714286
0 0.13955026455026456 0.5952380952380952 0.036375661375661374 0.03571428571428571
0 0.2924933862433862 0.5714285714285714 0.018187830687830687 0.013888888888888888
0 0.17509920634920634 0.43638392857142855 0.012235449735449735 0.006696428571428571
0 0.22156084656084657 0.6496775793650794 0.041005291005291 0.02058531746031746
0 0.19427910052910052 0.6682787698412699 0.03736772486772487 0.028025793650793652
0 0.30092592592592593 0.6506696428571429 0.03571428571428571 0.03050595238095238
0 0.7443783068783069 0.5497271825396826 0.009259259259259259 0.006696428571428571
