0 0.4408653846153846 0.6852163461538462 0.049679487179487176 0.04783653846153846
0 0.45705128205128204 0.7622596153846154 0.08525641025641026 0.05961538461538462
0 0.594551282051282 0.7943509615384615 0.04807692307692308 0.053125
0 0.6237179487179487 0.7265625 0.05705128205128205 0.0641826923076923
0 0.6301282051282051 0.6748798076923077 0.06217948717948718 0.046875
0 0.6493589743589744 0.5854567307692308 0.08461538461538462 0.06274038461538461
0 0.5818910256410257 0.5778846153846153 0.047115384615384615 0.03990384615384615
0 0.5931089743589744 0.48173076923076924 0.047115384615384615 0.05384615384615385
0 0.5366987179487179 0.4096153846153846 0.07147435897435897 0.07067307692307692
0 0.4889423076923077 0.42115384615384616 0.016346153846153847 0.009134615384615385
0 0.41586538461538464 0.5472355769230769 0.041346153846153845 0.02283653846153846
0 0.4059294871794872 0.5805288461538461 0.07403846153846154 0.026442307692307692
0 0.34967948717948716 0.3532451923076923 0.027564102564102563 0.03341346153846154
0 0.6532051282051282 0.34951923076923075 0.026282051282051282 0.015865384615384615
0 0.3370192307692308 0.6549278846153846 0.03365384615384615 0.015625
0 0.366025641025641 0.6754807692307693 0.01282051282051282 0.008653846153846154
0 0.9173076923076923 0.6412259615384616 0.04487179487179487 0.04110576923076923
0 0.5711538461538461 0.8504807692307692 0.023076923076923078 0.01826923076923077
0 0.20224358974358975 0.6763221153846154 0.1032051282051282 0.061778846153846156
0 0.14022435897435898 0.6554086538461539 0.07019230769230769 0.046875
0 0.20336538461538461 0.45132211538461536 0.10288461538461538 0.06706730769230769
0 0.31810897435897434 0.37548076923076923 0.011217948717948718 0.009615384615384616
