0 0.45240384615384616 0.5346153846153846 0.06314102564102564 0.041346153846153845
0 0.4703525641025641 0.46502403846153845 0.11698717948717949 0.07620192307692308
0 0.5823717948717949 0.4138221153846154 0.08076923076923077 0.03245192307692308
0 0.6333333333333333 0.45889423076923075 0.020512820512820513 0.009134615384615385
0 0.6544871794871795 0.5754807692307692 0.021794871794871794 0.016826923076923076
0 0.3193910256410256 0.5072115384615384 0.022756410256410255 0.01826923076923077
0 0.36538461538461536 0.41057692307692306 0.010897435897435897 0.013942307692307693
0 0.3400641025641026 0.40108173076923076 0.011538461538461539 0.0069711538461538465
0 0.3540064102564103 0.5980769230769231 0.03942307692307692 0.025
0 0.5232371794871795 0.7002403846153846 0.03878205128205128 0.022596153846153846
0 0.6166666666666667 0.6094951923076923 0.09487179487179487 0.042067307692307696
0 0.483974358974359 0.7621394230769231 0.05576923076923077 0.048317307692307694
0 0.40064102564102566 0.7671875 0.03653846153846154 0.059375
0 0.6280448717948718 0.8539663461538461 0.011217948717948718 0.012740384615384615
0 0.7387820512820513 0.5800480769230769 0.03782051282051282 0.027884615384615386
0 0.7471153846153846 0.5445913461538462 0.06987179487179487 0.039663461538461536
0 0.7411858974358975 0.44711538461538464 0.14326923076923076 0.08365384615384615
0 0.763301282051282 0.5019230769230769 0.030448717948717948 0.011057692307692308
0 0.9362179487179487 0.5344951923076923 0.026282051282051282 0.024278846153846154
0 0.39647435897435895 0.3340144230769231 0.08525641025641026 0.028125
0 0.1794871794871795 0.6118990384615385 0.01858974358974359 0.0641826923076923
0 0.20432692307692307 0.5955528846153846 0.022115384615384617 0.008413461538461538
0 0.2169871794871795 0.6834134615384615 0.04423076923076923 0.04951923076923077
