0 0.635576923076923 0.5951923076923077 0.026923076923076925 0.06971153846153846
0 0.7181089743589744 0.5337740384615385 0.05352564102564102 0.031971153846153844
0 0.5613782051282051 0.49290865384615384 0.04262820512820513 0.037259615384615384
0 0.5825320512820513 0.4623798076923077 0.02403846153846154 0.01658653846153846
0 0.6192307692307693 0.4375 0.028205128205128206 0.013461538461538462
0 0.846474358974359 0.6186298076923077 0.047435897435897434 0.019471153846153846
0 0.45705128205128204 0.4229567307692308 0.08653846153846154 0.04158653846153846
0 0.38092948717948716 0.42091346153846154 0.06057692307692308 0.03221153846153846
0 0.31362179487179487 0.39278846153846153 0.01826923076923077 0.008173076923076924
0 0.5158653846153847 0.6442307692307693 0.047115384615384615 0.0375
0 0.5088141025641025 0.6105769230769231 0.009294871794871795 0.010576923076923078
0 0.3796474358974359 0.6646634615384616 0.014423076923076924 0.015865384615384615
0 0.4621794871794872 0.36658653846153844 0.01730769230769231 0.021634615384615384
0 0.5480769230769231 0.33990384615384617 0.038461538461538464 0.05384615384615385
0 0.6745192307692308 0.34387019230769234 0.06314102564102564 0.04879807692307692
0 0.7262820512820513 0.3135817307692308 0.032692307692307694 0.05264423076923077
0 0.49262820512820515 0.5743990384615385 0.010897435897435897 0.008413461538461538
0 0.422275641025641 0.7724759615384615 0.03878205128205128 0.06802884615384615
0 0.5780448717948717 0.7534855769230769 0.052243589743589745 0.045432692307692306
0 0.6794871794871795 0.8014423076923077 0.03205128205128205 0.052403846153846155
0 0.8751602564102564 0.7360576923076924 0.010576923076923078 0.017788461538461538
0 0.24182692307692308 0.5001201923076923 0.015064102564102564 0.01658653846153846
