0 0.44711538461538464 0.3967548076923077 0.0673076923076923 0.06995192307692308
0 0.5360576923076923 0.4294471153846154 0.009935897435897435 0.01514423076923077
0 0.6027243589743589 0.33497596153846154 0.05352564102564102 0.040625
0 0.4717948717948718 0.47716346153846156 0.04935897435897436 0.05625
0 0.3751602564102564 0.5415865384615385 0.0625 0.04567307692307692
0 0.4653846153846154 0.5451923076923076 0.12307692307692308 0.05144230769230769
0 0.624198717948718 0.5746394230769231 0.03685897435897436 0.021875
0 0.40176282051282053 0.5804086538461538 0.021474358974358974 0.015625
0 0.27371794871794874 0.48954326923076924 0.05064102564102564 0.05793269230769231
0 0.2567307692307692 0.5838942307692307 0.008974358974358974 0.009615384615384616
0 0.23413461538461539 0.6587740384615385 0.01955128205128205 0.019471153846153846
0 0.24439102564102563 0.7085336538461539 0.11057692307692307 0.04495192307692308
0 0.3216346153846154 0.7199519230769231 0.03173076923076923 0.02403846153846154
0 0.37419871794871795 0.6962740384615385 0.04903846153846154 0.030048076923076924
0 0.4064102564102564 0.6866586538461539 0.01730769230769231 0.014663461538461538
0 0.5282051282051282 0.6393028846153846 0.021153846153846155 0.023317307692307693
0 0.5022435897435897 0.6671875 0.015384615384615385 0.01610576923076923
0 0.4862179487179487 0.7009615384615384 0.08397435897435897 0.05432692307692308
0 0.6895833333333333 0.7396634615384615 0.020192307692307693 0.01730769230769231
0 0.8471153846153846 0.6944711538461539 0.16153846153846155 0.08221153846153846
0 0.7514423076923077 0.6723557692307692 0.016987179487179486 0.023557692307692307
0 0.6958333333333333 0.5399038461538461 0.07243589743589744 0.051923076923076926
0 0.7592948717948718 0.5805288461538461 0.029487179487179487 0.017788461538461538
0 0.954647435897436 0.58125 0.015705128205128205 0.012980769230769231
0 0.7782051282051282 0.34423076923076923 0.011538461538461539 0.015865384615384615
0 0.42612179487179486 0.7980769230769231 0.10032051282051282 0.06538461538461539
0 0.4979166666666667 0.8033653846153846 0.04583333333333333 0.023557692307692307
0 0.7586538461538461 0.7799278846153846 0.04935897435897436 0.020913461538461537
