0 0.4858974358974359 0.6466346153846154 0.12435897435897436 0.08605769230769231
0 0.38221153846153844 0.5984375 0.0798076923076923 0.03774038461538461
0 0.6798076923076923 0.6375 0.07756410256410257 0.04807692307692308
0 0.2923076923076923 0.6942307692307692 0.11282051282051282 0.07019230769230769
0 0.4238782051282051 0.7310096153846154 0.029166666666666667 0.022115384615384617
0 0.5451923076923076 0.7805288461538461 0.05 0.07211538461538461
0 0.715224358974359 0.7569711538461539 0.052243589743589745 0.035576923076923075
0 0.6754807692307693 0.7542067307692307 0.017628205128205128 0.01514423076923077
0 0.760576923076923 0.6498798076923077 0.01987179487179487 0.03293269230769231
0 0.635576923076923 0.8430288461538461 0.019230769230769232 0.015865384615384615
0 0.6415064102564103 0.9021634615384615 0.10673076923076923 0.06490384615384616
0 0.6983974358974359 0.8524038461538461 0.02564102564102564 0.022115384615384617
0 0.7277243589743589 0.8014423076923077 0.022756410256410255 0.020192307692307693
0 0.5778846153846153 0.8614182692307693 0.011538461538461539 0.010336538461538461
0 0.34455128205128205 0.8115384615384615 0.014102564102564103 0.011538461538461539
0 0.7916666666666666 0.7079326923076923 0.06153846153846154 0.061057692307692306
0 0.8911858974358975 0.6111778846153846 0.041987179487179484 0.03293269230769231
0 0.795352564102564 0.5758413461538462 0.015064102564102564 0.009375
0 0.7998397435897436 0.596514423076923 0.0125 0.006490384615384616
0 0.7551282051282051 0.571875 0.028846153846153848 0.0125
0 0.6673076923076923 0.5955528846153846 0.022435897435897436 0.012740384615384615
0 0.6807692307692308 0.46081730769230766 0.041666666666666664 0.07692307692307693
0 0.767948717948718 0.4951923076923077 0.029487179487179487 0.022596153846153846
0 0.5729166666666666 0.4963942307692308 0.049679487179487176 0.06682692307692308
0 0.7860576923076923 0.37848557692307694 0.05608974358974359 0.06514423076923077
0 0.3767628205128205 0.39242788461538464 0.04262820512820513 0.04783653846153846
0 0.40384615384615385 0.3393028846153846 0.05128205128205128 0.04447115384615385
0 0.35160256410256413 0.43689903846153844 0.016666666666666666 0.011778846153846154
