0 0.2530989122185682 0.3707310903111561 0.052365292183152036 0.08676954211990894
0 0.45282064254996207 0.3071085251707564 0.05767771312926891 0.06830255502150266
0 0.7167973690867695 0.3427776372375411 0.07057930685555275 0.06729066531748039
0 0.7372881355932204 0.4079180369339742 0.15254237288135594 0.0796863141917531
0 0.6310397166708829 0.6912471540602074 0.059954464963319 0.10346572223627624
0 0.5440172021249684 0.7639767265368075 0.07918036933974197 0.0607133822413357
0 0.34783708575765243 0.6110548950164432 0.06830255502150266 0.06906147229951935
0 0.7935745003794586 0.8298760435112573 0.09056412850999242 0.0928408803440425
0 0.9189223374652163 0.6137111054895017 0.0467998988110296 0.08803440424993676
0 0.5198583354414369 0.9337212243865418 0.04452314697697951 0.03996964330887933
0 0.687452567670124 0.8743991904882368 0.04224639514292942 0.0680495825954971
0 0.44396660763976725 0.8947634707816848 0.03693397419681255 0.049076650645079684
0 0.48001517834556034 0.9150012648621301 0.01694915254237288 0.03136858082469011
0 0.28193776878320265 0.5408550467998988 0.04983556792309638 0.037439919048823676
0 0.6244624335947382 0.9134834303060967 0.057424740703263345 0.022261573488489755
0 0.7214773589678725 0.7209714141158614 0.027826966860612194 0.02529724260055654
0 0.7023779408044523 0.6221856817606881 0.03516316721477359 0.014419428282317227
