0 0.40667829553949664 0.12347371044106653 0.07924246199850486 0.1064041863942188
0 0.7352354846748069 0.24458011462746077 0.05955644156491403 0.12982805880887116
0 0.5149514079242462 0.47994019436830304 0.07101918764016944 0.07176675803638176
0 0.3148517318714179 0.19623722900573137 0.07999003239471716 0.12235235484674807
0 0.2552952903065039 0.2824570147022178 0.07550461001744331 0.11936207326189884
0 0.1552454522800897 0.30500872165462245 0.06877647645153252 0.0423623224520309
0 0.10229254921505108 0.391602292549215 0.09444306005482182 0.05058559681036631
0 0.07961624719661102 0.5147022177921754 0.05058559681036631 0.05058559681036631
0 0.20308995763767754 0.611637179167705 0.04535260403688014 0.05457263892349863
0 0.418764016944929 0.6279591328183404 0.0929479192623972 0.07924246199850486
0 0.5483428856217294 0.6547470720159482 0.06952404684774482 0.06354348367804635
0 0.44717169200099677 0.6936207326189883 0.11936207326189884 0.05806130077248941
0 0.4909045601794169 0.6363070022427112 0.0573137303762771 0.05208073760279093
0 0.28021430351358084 0.7559182656366807 0.06503862447047097 0.08148517318714178
0 0.5636680787440818 0.7946673311736855 0.1819087964116621 0.124595066035385
