0 0.2904139970428783 0.3475850172498768 0.08008871365204534 0.08156727451946771
0 0.7767373090192213 0.33316904879250864 0.11779201577131591 0.13011335633316906
0 0.4632824051256777 0.37493839329719075 0.03942828979793001 0.06086742237555446
0 0.20613602759980285 0.5951207491375061 0.12099556431739773 0.11483489403647117
0 0.2637999014292755 0.6844504682109414 0.039181862986692954 0.10719566288812223
0 0.36323311976343026 0.45416461310990636 0.04386397240019714 0.02858551010349926
0 0.36163134549038933 0.7000985707244948 0.0810744208969936 0.04928536224741252
0 0.3231887629374076 0.7453178905864958 0.059388861508132086 0.06382454411039921
0 0.2641695416461311 0.8284869393790044 0.02759980285855101 0.02858551010349926
0 0.3242976835879744 0.8712419911286348 0.029078363725973385 0.030803351404632823
0 0.3351404632824051 0.9216362740266141 0.07540660423854115 0.06554953178905865
0 0.4247166091670774 0.8872597338590439 0.12099556431739773 0.10473139477575161
0 0.42865943814687035 0.7730409068506654 0.06086742237555446 0.09462789551503203
0 0.4594627895515032 0.8350172498767866 0.025381961557417447 0.043124691966485953
0 0.5230409068506654 0.8511582060128142 0.09241005421389847 0.08329226219812716
0 0.5926564810251356 0.9078363725973386 0.03302119270576639 0.031542631838344014
0 0.4760965993100049 0.7395268605224249 0.02464268112370626 0.03548546081813701
0 0.79361754558896 0.6020206998521439 0.08994578610152784 0.12715623459832429
0 0.7852390340069 0.7020699852143913 0.09635288319369148 0.06850665352390341
0 0.6796451453918186 0.7321340561853129 0.051749630359783146 0.04090685066535239
0 0.5640709709216363 0.395638245441104 0.017742730409068506 0.019467718087727945
