0 0.21437908496732025 0.3045751633986928 0.11137254901960784 0.07215686274509804
0 0.5337254901960784 0.20183006535947712 0.09071895424836601 0.16679738562091503
0 0.8129411764705883 0.276078431372549 0.0661437908496732 0.07529411764705882
0 0.9032679738562092 0.341437908496732 0.047058823529411764 0.049150326797385624
0 0.5022222222222222 0.8423529411764706 0.08 0.07006535947712418
0 0.37163398692810456 0.757516339869281 0.09228758169934641 0.13830065359477126
0 0.3930718954248366 0.6275816993464052 0.0645751633986928 0.059869281045751635
0 0.34431372549019607 0.5517647058823529 0.0392156862745098 0.05150326797385621
0 0.06745098039215686 0.5406535947712419 0.042352941176470586 0.029281045751633986
0 0.1419607843137255 0.4118954248366013 0.03607843137254902 0.023790849673202615
0 0.4596078431372549 0.1330718954248366 0.03607843137254902 0.026143790849673203
