0 0.4965277777777778 0.6106150793650794 0.0248015873015873 0.04927248677248677
0 0.7420634920634921 0.5426587301587301 0.024305555555555556 0.027116402116402115
0 0.7565724206349206 0.48296957671957674 0.019593253968253968 0.0248015873015873
0 0.7501240079365079 0.38773148148148145 0.023065476190476192 0.02943121693121693
0 0.6278521825396826 0.38227513227513227 0.026537698412698412 0.0291005291005291
0 0.5210813492063492 0.3999669312169312 0.021825396825396824 0.02017195767195767
0 0.3861607142857143 0.4280753968253968 0.010416666666666666 0.01025132275132275
0 0.44208829365079366 0.828042328042328 0.03695436507936508 0.028439153439153438
0 0.6061507936507936 0.2585978835978836 0.014384920634920634 0.018518518518518517
0 0.4029017857142857 0.7103174603174603 0.07018849206349206 0.02976190476190476
0 0.5043402777777778 0.7217261904761905 0.023065476190476192 0.020833333333333332
0 0.45461309523809523 0.564484126984127 0.014384920634920634 0.018518518518518517
0 0.46143353174603174 0.5345568783068783 0.011160714285714286 0.010912698412698412
0 0.4131944444444444 0.7901785714285714 0.010416666666666666 0.016203703703703703
0 0.6500496031746031 0.8374669312169312 0.022321428571428572 0.030753968253968252
0 0.5497271825396826 0.5598544973544973 0.01314484126984127 0.018518518518518517
0 0.5908978174603174 0.4656084656084656 0.012648809523809524 0.01455026455026455
