0 0.4661458333333333 0.5145502645502645 0.10788690476190477 0.08002645502645503
0 0.5970982142857143 0.5753968253968254 0.037450396825396824 0.047619047619047616
0 0.6197916666666666 0.6030092592592593 0.018353174603174604 0.027447089947089946
0 0.6543898809523809 0.5295965608465608 0.06919642857142858 0.08234126984126984
0 0.6935763888888888 0.4730489417989418 0.018601190476190476 0.018187830687830687
0 0.7833581349206349 0.35730820105820105 0.022569444444444444 0.026785714285714284
0 0.7927827380952381 0.3773148148148148 0.027529761904761904 0.0205026455026455
0 0.7700892857142857 0.4280753968253968 0.02132936507936508 0.03141534391534392
0 0.7477678571428571 0.3687169312169312 0.013888888888888888 0.01455026455026455
0 0.5027281746031746 0.7233796296296297 0.07738095238095238 0.07771164021164022
0 0.5310019841269841 0.6421957671957672 0.046130952380952384 0.06018518518518518
0 0.6184275793650794 0.19642857142857142 0.015625 0.01917989417989418
0 0.5949900793650794 0.21610449735449735 0.013888888888888888 0.02017195767195767
0 0.4758184523809524 0.3792989417989418 0.016617063492063492 0.02447089947089947
0 0.5053323412698413 0.45271164021164023 0.015625 0.01917989417989418
0 0.5514632936507936 0.40922619047619047 0.009672619047619048 0.010912698412698412
0 0.5193452380952381 0.04034391534391534 0.053075396825396824 0.046957671957671955
0 0.2255704365079365 0.4376653439153439 0.012152777777777778 0.016865079365079364
0 0.26339285714285715 0.6106150793650794 0.027777777777777776 0.021494708994708994
0 0.677703373015873 0.22668650793650794 0.015625 0.011574074074074073
0 0.7431795634920635 0.6291335978835979 0.026537698412698412 0.026124338624338623
