0 0.31721230158730157 0.7486772486772487 0.031746031746031744 0.05291005291005291
0 0.5094246031746031 0.7065145502645502 0.02132936507936508 0.03009259259259259
0 0.5111607142857143 0.5110780423280423 0.014384920634920634 0.012896825396825396
0 0.6924603174603174 0.4191468253968254 0.15128968253968253 0.38591269841269843
0 0.5381944444444444 0.4771825396825397 0.010912698412698412 0.00992063492063492
0 0.550843253968254 0.4176587301587302 0.013392857142857142 0.009259259259259259
0 0.607390873015873 0.6906415343915344 0.011904761904761904 0.012235449735449735
0 0.5791170634920635 0.6871693121693122 0.010912698412698412 0.017857142857142856
0 0.5145089285714286 0.34011243386243384 0.009672619047619048 0.026124338624338623
0 0.5536954365079365 0.304728835978836 0.029513888888888888 0.021494708994708994
0 0.5538194444444444 0.35185185185185186 0.02132936507936508 0.023809523809523808
0 0.5462549603174603 0.17824074074074073 0.016617063492063492 0.023809523809523808
0 0.5238095238095238 0.20072751322751323 0.02132936507936508 0.041666666666666664
0 0.5167410714285714 0.22453703703703703 0.015625 0.013888888888888888
0 0.5388144841269841 0.23578042328042328 0.019097222222222224 0.03306878306878307
0 0.5555555555555556 0.22106481481481483 0.017857142857142856 0.02546296296296296
