0 0.7204861111111112 0.41947751322751325 0.1884920634920635 0.36673280423280424
0 0.7766617063492064 0.5598544973544973 0.027529761904761904 0.03373015873015873
0 0.6290922619047619 0.6909722222222222 0.06225198412698413 0.09623015873015874
0 0.5882936507936508 0.8364748677248677 0.03521825396825397 0.04398148148148148
0 0.39620535714285715 0.8060515873015873 0.03050595238095238 0.08630952380952381
0 0.40500992063492064 0.5241402116402116 0.028273809523809524 0.022486772486772486
0 0.38392857142857145 0.5333994708994709 0.007936507936507936 0.015873015873015872
0 0.3835565476190476 0.5052910052910053 0.016617063492063492 0.013888888888888888
0 0.3189484126984127 0.3219246031746032 0.0248015873015873 0.020833333333333332
0 0.4227430555555556 0.3048941798941799 0.023561507936507936 0.03306878306878307
0 0.49169146825396826 0.33796296296296297 0.012648809523809524 0.00992063492063492
0 0.5660962301587301 0.32688492063492064 0.012648809523809524 0.02017195767195767
0 0.5147569444444444 0.36160714285714285 0.012648809523809524 0.007605820105820105
0 0.5208333333333334 0.37880291005291006 0.00992063492063492 0.01488095238095238
0 0.4738343253968254 0.4298941798941799 0.012648809523809524 0.01521164021164021
0 0.5132688492063492 0.8394510582010583 0.012152777777777778 0.011574074074074073
0 0.5079365079365079 0.7880291005291006 0.006944444444444444 0.00992063492063492
0 0.4279513888888889 0.6192129629629629 0.01314484126984127 0.015542328042328041
0 0.5399305555555556 0.2349537037037037 0.014384920634920634 0.02546296296296296
0 0.4868551587301587 0.35730820105820105 0.013392857142857142 0.017526455026455025
