0 0.613343253968254 0.3996362433862434 0.032242063492063495 0.026785714285714284
0 0.5871775793650794 0.2941468253968254 0.023561507936507936 0.022156084656084655
0 0.5225694444444444 0.17609126984126985 0.018849206349206348 0.021494708994708994
0 0.33023313492063494 0.5276124338624338 0.03695436507936508 0.018187830687830687
0 0.3443700396825397 0.6937830687830688 0.07911706349206349 0.027777777777777776
0 0.71875 0.4156746031746032 0.010912698412698412 0.022486772486772486
0 0.43291170634920634 0.8344907407407407 0.0220734126984127 0.018187830687830687
0 0.45709325396825395 0.421792328042328 0.013888888888888888 0.020833333333333332
0 0.4035218253968254 0.42576058201058203 0.03125 0.012896825396825396
0 0.4052579365079365 0.19113756613756613 0.007936507936507936 0.01455026455026455
0 0.32998511904761907 0.21081349206349206 0.015625 0.026124338624338623
0 0.6201636904761905 0.21858465608465608 0.008680555555555556 0.009259259259259259
