0 0.5704365079365079 0.3948412698412698 0.027281746031746032 0.028439153439153438
0 0.6148313492063492 0.3768187830687831 0.020337301587301588 0.035383597883597885
0 0.5989583333333334 0.3811177248677249 0.011408730158730158 0.011574074074074073
0 0.49032738095238093 0.3860780423280423 0.013392857142857142 0.012235449735449735
0 0.45424107142857145 0.4750330687830688 0.02554563492063492 0.04398148148148148
0 0.47705853174603174 0.22767857142857142 0.006200396825396825 0.015542328042328041
0 0.38306051587301587 0.6364087301587301 0.07663690476190477 0.026785714285714284
0 0.7720734126984127 0.37549603174603174 0.01488095238095238 0.021494708994708994
0 0.455109126984127 0.27728174603174605 0.015376984126984126 0.017526455026455025
0 0.3974454365079365 0.41798941798941797 0.014632936507936508 0.023809523809523808
