0 0.6165674603174603 0.5765542328042328 0.03521825396825397 0.054563492063492064
0 0.4990079365079365 0.4103835978835979 0.010912698412698412 0.013227513227513227
0 0.4539930555555556 0.2789351851851852 0.01314484126984127 0.022156084656084655
0 0.6024305555555556 0.3642526455026455 0.011408730158730158 0.017526455026455025
0 0.5564236111111112 0.41187169312169314 0.016121031746031748 0.012896825396825396
0 0.6125992063492064 0.5319113756613757 0.010912698412698412 0.020833333333333332
0 0.761656746031746 0.6502976190476191 0.017361111111111112 0.017526455026455025
0 0.41617063492063494 0.9049272486772487 0.021825396825396824 0.022156084656084655
0 0.8014632936507936 0.8237433862433863 0.012648809523809524 0.012566137566137565
0 0.49367559523809523 0.6754298941798942 0.008680555555555556 0.016865079365079364
0 0.3524305555555556 0.5930886243386243 0.011904761904761904 0.015542328042328041
0 0.39099702380952384 0.794973544973545 0.012152777777777778 0.01917989417989418
0 0.7919146825396826 0.5588624338624338 0.016865079365079364 0.00992063492063492
