0 0.6217757936507936 0.4019510582010582 0.08581349206349206 0.06977513227513228
0 0.6567460317460317 0.2769510582010582 0.032242063492063495 0.027447089947089946
0 0.2943948412698413 0.33812830687830686 0.032242063492063495 0.03141534391534392
0 0.29675099206349204 0.6183862433862434 0.057787698412698416 0.05092592592592592
0 0.33308531746031744 0.734457671957672 0.020833333333333332 0.052248677248677246
0 0.5138888888888888 0.6709656084656085 0.05704365079365079 0.0701058201058201
0 0.7440476190476191 0.8240740740740741 0.04563492063492063 0.04828042328042328
0 0.5327380952380952 0.16071428571428573 0.017361111111111112 0.02447089947089947
0 0.8603670634920635 0.32853835978835977 0.013888888888888888 0.012235449735449735
0 0.3628472222222222 0.498015873015873 0.015376984126984126 0.017857142857142856
