0 0.35007440476190477 0.3492063492063492 0.036458333333333336 0.037037037037037035
0 0.5854414682539683 0.5841600529100529 0.03993055555555555 0.03736772486772487
0 0.5432787698412699 0.6587301587301587 0.012152777777777778 0.01455026455026455
0 0.7189980158730159 0.5084325396825397 0.04861111111111111 0.03869047619047619
0 0.839905753968254 0.19808201058201058 0.037450396825396824 0.042328042328042326
0 0.6372767857142857 0.23528439153439154 0.012152777777777778 0.016865079365079364
0 0.5395585317460317 0.2857142857142857 0.011656746031746032 0.00992063492063492
0 0.5571676587301587 0.46296296296296297 0.009672619047619048 0.018518518518518517
0 0.5687003968253969 0.43386243386243384 0.013392857142857142 0.01521164021164021
0 0.7627728174603174 0.7994378306878307 0.033482142857142856 0.034722222222222224
0 0.7353670634920635 0.7245370370370371 0.09623015873015874 0.09523809523809523
0 0.8516865079365079 0.4515542328042328 0.06349206349206349 0.09821428571428571
0 0.4009176587301587 0.23429232804232805 0.012152777777777778 0.017526455026455025
0 0.5927579365079365 0.769510582010582 0.013888888888888888 0.01917989417989418
0 0.9078621031746031 0.5291005291005291 0.01314484126984127 0.018518518518518517
0 0.9099702380952381 0.39037698412698413 0.020833333333333332 0.01951058201058201
