0 0.6241319444444444 0.6107804232804233 0.023561507936507936 0.052248677248677246
0 0.8299851190476191 0.3707010582010582 0.12872023809523808 0.08928571428571429
0 0.9021577380952381 0.5125661375661376 0.06870039682539683 0.06547619047619048
0 0.8611111111111112 0.6030092592592593 0.09871031746031746 0.07837301587301587
0 0.876984126984127 0.302744708994709 0.018353174603174604 0.020833333333333332
0 0.5704365079365079 0.2838955026455027 0.00992063492063492 0.012235449735449735
0 0.5384424603174603 0.31415343915343913 0.011408730158730158 0.017857142857142856
0 0.5256696428571429 0.23429232804232805 0.033482142857142856 0.054563492063492064
0 0.4351438492063492 0.7303240740740741 0.04836309523809524 0.04861111111111111
0 0.41790674603174605 0.7587632275132276 0.024305555555555556 0.026785714285714284
0 0.37289186507936506 0.6830357142857143 0.016121031746031748 0.021494708994708994
0 0.34263392857142855 0.6218584656084656 0.015625 0.017526455026455025
0 0.6026785714285714 0.874834656084656 0.017857142857142856 0.012896825396825396
0 0.6829117063492064 0.7809193121693122 0.015625 0.020833333333333332
0 0.7684771825396826 0.7375992063492064 0.019593253968253968 0.022817460317460316
0 0.7120535714285714 0.7071759259259259 0.009424603174603174 0.012896825396825396
0 0.7342509920634921 0.6448412698412699 0.012152777777777778 0.017857142857142856
0 0.7336309523809523 0.6096230158730159 0.00992063492063492 0.011574074074074073
0 0.7013888888888888 0.5873015873015873 0.013392857142857142 0.01455026455026455
0 0.7593005952380952 0.544973544973545 0.019593253968253968 0.0205026455026455
0 0.5964781746031746 0.46412037037037035 0.013392857142857142 0.022156084656084655
