0 0.6231398809523809 0.6238425925925926 0.026537698412698412 0.050595238095238096
0 0.4193948412698413 0.7686838624338624 0.02132936507936508 0.034722222222222224
0 0.4368799603174603 0.7404100529100529 0.04141865079365079 0.051587301587301584
0 0.37487599206349204 0.697255291005291 0.019097222222222224 0.017526455026455025
0 0.527405753968254 0.24718915343915343 0.04389880952380952 0.054563492063492064
0 0.5732886904761905 0.2961309523809524 0.012152777777777778 0.018187830687830687
0 0.5380704365079365 0.32771164021164023 0.012152777777777778 0.013888888888888888
0 0.599578373015873 0.4753637566137566 0.0220734126984127 0.022817460317460316
0 0.5667162698412699 0.4826388888888889 0.012896825396825396 0.01025132275132275
0 0.3948412698412698 0.44841269841269843 0.024305555555555556 0.023148148148148147
0 0.7357390873015873 0.6603835978835979 0.02058531746031746 0.01917989417989418
0 0.8190724206349206 0.3864087301587302 0.12276785714285714 0.11607142857142858
0 0.8654513888888888 0.6145833333333334 0.07961309523809523 0.06448412698412699
0 0.6044146825396826 0.8872354497354498 0.014384920634920634 0.013227513227513227
0 0.6846478174603174 0.7979497354497355 0.009672619047619048 0.01455026455026455
0 0.7719494047619048 0.7581018518518519 0.012648809523809524 0.011574074074074073
