0 0.5202132936507936 0.1931216931216931 0.029513888888888888 0.047619047619047616
0 0.5543154761904762 0.2243716931216931 0.020337301587301588 0.020833333333333332
0 0.5654761904761905 0.20188492063492064 0.013888888888888888 0.017526455026455025
0 0.5688244047619048 0.24702380952380953 0.015625 0.01984126984126984
0 0.5303819444444444 0.2728174603174603 0.02554563492063492 0.028439153439153438
0 0.6307043650793651 0.32771164021164023 0.01488095238095238 0.023148148148148147
0 0.6111111111111112 0.29546957671957674 0.01488095238095238 0.015542328042328041
0 0.6598462301587301 0.42410714285714285 0.006200396825396825 0.011574074074074073
0 0.6759672619047619 0.5183531746031746 0.020089285714285716 0.026124338624338623
0 0.5021081349206349 0.7086640211640212 0.06572420634920635 0.0701058201058201
0 0.5784970238095238 0.7251984126984127 0.020089285714285716 0.032407407407407406
0 0.41108630952380953 0.7321428571428571 0.019593253968253968 0.02447089947089947
0 0.4361359126984127 0.7706679894179894 0.02703373015873016 0.030753968253968252
0 0.3004712301587302 0.5438161375661376 0.020089285714285716 0.022817460317460316
0 0.3913690476190476 0.5165343915343915 0.032242063492063495 0.02976190476190476
0 0.4069940476190476 0.4313822751322751 0.027777777777777776 0.0539021164021164
0 0.4314236111111111 0.4356812169312169 0.015625 0.026785714285714284
0 0.42509920634920634 0.4661044973544973 0.011904761904761904 0.012235449735449735
0 0.3821924603174603 0.3462301587301587 0.017361111111111112 0.01984126984126984
0 0.4140625 0.3576388888888889 0.04092261904761905 0.07242063492063493
0 0.48251488095238093 0.4611441798941799 0.019593253968253968 0.022156084656084655
0 0.5534474206349206 0.4973544973544973 0.00818452380952381 0.01455026455026455
0 0.31212797619047616 0.4611441798941799 0.012152777777777778 0.017526455026455025
0 0.4283234126984127 0.17046957671957672 0.010416666666666666 0.011574074074074073
0 0.44642857142857145 0.1960978835978836 0.00744047619047619 0.013888888888888888
0 0.7311507936507936 0.6383928571428571 0.011408730158730158 0.013558201058201057
0 0.7092013888888888 0.3816137566137566 0.16046626984126985 0.37367724867724866
0 0.2571924603174603 0.607308201058201 0.00744047619047619 0.016203703703703703
