0 0.47098214285714285 0.6369047619047619 0.04861111111111111 0.046296296296296294
0 0.615203373015873 0.6245039682539683 0.033482142857142856 0.035383597883597885
0 0.6483134920634921 0.6369047619047619 0.00992063492063492 0.009259259259259259
0 0.630828373015873 0.7002314814814815 0.012648809523809524 0.017526455026455025
0 0.6535218253968254 0.7091600529100529 0.016865079365079364 0.021494708994708994
0 0.6633184523809523 0.6952711640211641 0.012152777777777778 0.02017195767195767
0 0.6237599206349206 0.666005291005291 0.006944444444444444 0.010582010582010581
0 0.5358382936507936 0.4280753968253968 0.0339781746031746 0.034722222222222224
0 0.5756448412698413 0.2822420634920635 0.014384920634920634 0.015542328042328041
0 0.3619791666666667 0.41881613756613756 0.015128968253968254 0.016203703703703703
0 0.43464781746031744 0.12268518518518519 0.01711309523809524 0.028439153439153438
0 0.451140873015873 0.10582010582010581 0.02132936507936508 0.0205026455026455
0 0.5064484126984127 0.11193783068783068 0.014384920634920634 0.01025132275132275
0 0.3529265873015873 0.3503637566137566 0.020337301587301588 0.017526455026455025
0 0.35106646825396826 0.34656084656084657 0.00818452380952381 0.00992063492063492
0 0.42919146825396826 0.4193121693121693 0.008680555555555556 0.009259259259259259
0 0.4790426587301587 0.304728835978836 0.011656746031746032 0.016865079365079364
0 0.7244543650793651 0.3950066137566138 0.1691468253968254 0.39451058201058203
