0 0.615203373015873 0.5183531746031746 0.10838293650793651 0.1736111111111111
0 0.6235119047619048 0.6636904761904762 0.03273809523809524 0.047619047619047616
0 0.4714781746031746 0.5649801587301587 0.024305555555555556 0.034722222222222224
0 0.8184523809523809 0.18270502645502645 0.05704365079365079 0.0744047619047619
0 0.7605406746031746 0.21197089947089948 0.016121031746031748 0.023809523809523808
0 0.7744295634920635 0.39384920634920634 0.051835317460317464 0.06283068783068783
0 0.7934027777777778 0.4611441798941799 0.06696428571428571 0.06514550264550265
0 0.9107142857142857 0.7546296296296297 0.056051587301587304 0.07076719576719577
0 0.9284474206349206 0.37218915343915343 0.023065476190476192 0.021494708994708994
0 0.9260912698412699 0.30770502645502645 0.017361111111111112 0.021494708994708994
0 0.6019345238095238 0.19543650793650794 0.018353174603174604 0.018518518518518517
0 0.6186755952380952 0.30539021164021163 0.018601190476190476 0.030753968253968252
0 0.4790426587301587 0.19229497354497355 0.011656746031746032 0.012235449735449735
0 0.44382440476190477 0.20816798941798942 0.023065476190476192 0.017526455026455025
0 0.4224950396825397 0.7756283068783069 0.01711309523809524 0.03009259259259259
0 0.5021081349206349 0.6911375661375662 0.015128968253968254 0.023809523809523808
0 0.3991815476190476 0.6656746031746031 0.02703373015873016 0.027116402116402115
0 0.7113095238095238 0.6321097883597884 0.017857142857142856 0.016865079365079364
