0 0.7651289682539683 0.3761574074074074 0.1810515873015873 0.36937830687830686
0 0.7590525793650794 0.2091600529100529 0.026041666666666668 0.030753968253968252
0 0.8046875 0.2865410052910053 0.012152777777777778 0.017526455026455025
0 0.7873263888888888 0.28191137566137564 0.01314484126984127 0.016203703703703703
0 0.6050347222222222 0.25148809523809523 0.05233134920634921 0.055224867724867725
0 0.5159970238095238 0.5148809523809523 0.04836309523809524 0.062169312169312166
0 0.48288690476190477 0.6233465608465608 0.03869047619047619 0.03439153439153439
0 0.5042162698412699 0.7210648148148148 0.05009920634920635 0.06845238095238096
0 0.5606398809523809 0.6967592592592593 0.05381944444444445 0.0291005291005291
0 0.6000744047619048 0.7418981481481481 0.016121031746031748 0.02546296296296296
0 0.3852926587301587 0.26537698412698413 0.03298611111111111 0.02017195767195767
