0 0.5416666666666666 0.5426587301587301 0.03273809523809524 0.05291005291005291
0 0.5119047619047619 0.18998015873015872 0.04017857142857143 0.030753968253968252
0 0.3890128968253968 0.5856481481481481 0.040426587301587304 0.0701058201058201
0 0.3784722222222222 0.6879960317460317 0.017857142857142856 0.012896825396825396
0 0.3841765873015873 0.72255291005291 0.013392857142857142 0.01917989417989418
0 0.3663194444444444 0.7913359788359788 0.010912698412698412 0.018518518518518517
0 0.38070436507936506 0.7999338624338624 0.00992063492063492 0.010582010582010581
0 0.3896329365079365 0.8214285714285714 0.011408730158730158 0.013888888888888888
0 0.31063988095238093 0.3688822751322751 0.019593253968253968 0.026785714285714284
0 0.31299603174603174 0.396494708994709 0.010416666666666666 0.01917989417989418
0 0.24739583333333334 0.6036706349206349 0.020089285714285716 0.021494708994708994
0 0.29563492063492064 0.548776455026455 0.011408730158730158 0.011574074074074073
0 0.4254712301587302 0.4806547619047619 0.012648809523809524 0.015542328042328041
0 0.4992559523809524 0.3950066137566138 0.013888888888888888 0.01488095238095238
0 0.42075892857142855 0.34507275132275134 0.011656746031746032 0.016203703703703703
0 0.574280753968254 0.2662037037037037 0.023065476190476192 0.013888888888888888
0 0.6252480158730159 0.22767857142857142 0.015376984126984126 0.015542328042328041
0 0.4055059523809524 0.199239417989418 0.014384920634920634 0.016865079365079364
0 0.4986359126984127 0.6071428571428571 0.013640873015873016 0.01455026455026455
0 0.33544146825396826 0.6888227513227513 0.07018849206349206 0.01917989417989418
0 0.3152281746031746 0.6726190476190477 0.006944444444444444 0.013227513227513227
0 0.5727926587301587 0.3819444444444444 0.015625 0.013227513227513227
