0 0.5653521825396826 0.4019510582010582 0.037450396825396824 0.0625
0 0.5865575396825397 0.42228835978835977 0.014384920634920634 0.017195767195767195
0 0.6567460317460317 0.43716931216931215 0.03571428571428571 0.03306878306878307
0 0.6815476190476191 0.3738425925925926 0.032242063492063495 0.07705026455026455
0 0.7250744047619048 0.175760582010582 0.023561507936507936 0.02546296296296296
0 0.6517857142857143 0.7114748677248677 0.04662698412698413 0.0539021164021164
0 0.5484871031746031 0.6645171957671958 0.04092261904761905 0.04332010582010582
0 0.5018601190476191 0.7357804232804233 0.04439484126984127 0.07142857142857142
0 0.42658730158730157 0.7175925925925926 0.034722222222222224 0.03373015873015873
0 0.7769097222222222 0.5322420634920635 0.01314484126984127 0.013558201058201057
0 0.8214285714285714 0.513723544973545 0.010912698412698412 0.012235449735449735
0 0.5602678571428571 0.5537367724867724 0.006944444444444444 0.006283068783068783
0 0.5732886904761905 0.5557208994708994 0.012152777777777778 0.012896825396825396
0 0.49813988095238093 0.28422619047619047 0.019593253968253968 0.017526455026455025
0 0.6180555555555556 0.35813492063492064 0.010416666666666666 0.00992063492063492
0 0.6272321428571429 0.048445767195767195 0.011408730158730158 0.015542328042328041
0 0.6674107142857143 0.017857142857142856 0.010912698412698412 0.013888888888888888
0 0.6474454365079365 0.029265873015873016 0.00818452380952381 0.002976190476190476
0 0.6350446428571429 0.11160714285714286 0.011160714285714286 0.016865079365079364
0 0.7005208333333334 0.06580687830687831 0.00818452380952381 0.00992063492063492
0 0.6985367063492064 0.036871693121693125 0.007688492063492063 0.007605820105820105
0 0.6861359126984127 0.017691798941798943 0.009176587301587302 0.006283068783068783
0 0.5982142857142857 0.006283068783068783 0.00992063492063492 0.004629629629629629
0 0.5634920634920635 0.005456349206349206 0.00992063492063492 0.006283068783068783
0 0.5349702380952381 0.4417989417989418 0.006944444444444444 0.00992063492063492
0 0.4148065476190476 0.38740079365079366 0.008680555555555556 0.020833333333333332
