0 0.36768353174603174 0.6264880952380952 0.019593253968253968 0.02546296296296296
0 0.4568452380952381 0.5029761904761905 0.010912698412698412 0.02447089947089947
0 0.5086805555555556 0.5882936507936508 0.0248015873015873 0.018518518518518517
0 0.48425099206349204 0.6383928571428571 0.024057539682539684 0.02017195767195767
0 0.49950396825396826 0.6215277777777778 0.010912698412698412 0.012235449735449735
0 0.36421130952380953 0.4538690476190476 0.019593253968253968 0.026124338624338623
0 0.3239087301587302 0.14781746031746032 0.017361111111111112 0.0291005291005291
0 0.4322916666666667 0.19808201058201058 0.01488095238095238 0.028439153439153438
0 0.5066964285714286 0.3192791005291005 0.018353174603174604 0.015542328042328041
0 0.5197172619047619 0.3888888888888889 0.014632936507936508 0.022486772486772486
0 0.3957093253968254 0.8953373015873016 0.026041666666666668 0.044642857142857144
