0 0.6388888888888888 0.5704365079365079 0.046130952380952384 0.046957671957671955
0 0.7810019841269841 0.49867724867724866 0.04563492063492063 0.037698412698412696
0 0.9089781746031746 0.17691798941798942 0.036210317460317464 0.046296296296296294
0 0.40749007936507936 0.33796296296296297 0.03571428571428571 0.037698412698412696
0 0.8253968253968254 0.7976190476190477 0.043154761904761904 0.041666666666666664
0 0.7992311507936508 0.72255291005291 0.0900297619047619 0.09788359788359788
0 0.9234871031746031 0.4442791005291005 0.06522817460317461 0.09623015873015874
0 0.6439732142857143 0.7595899470899471 0.00818452380952381 0.01455026455026455
0 0.6154513888888888 0.447255291005291 0.01314484126984127 0.016203703703703703
0 0.6248759920634921 0.41650132275132273 0.012648809523809524 0.011574074074074073
0 0.7020089285714286 0.21511243386243387 0.023561507936507936 0.022156084656084655
0 0.6010664682539683 0.2700066137566138 0.01314484126984127 0.010912698412698412
0 0.9849950396825397 0.37996031746031744 0.026537698412698412 0.01521164021164021
0 0.5972222222222222 0.6506283068783069 0.01488095238095238 0.0248015873015873
