0 0.5611359126984127 0.4097222222222222 0.13665674603174602 0.1130952380952381
0 0.5035962301587301 0.47238756613756616 0.043402777777777776 0.021494708994708994
0 0.32180059523809523 0.4191468253968254 0.08010912698412699 0.11210317460317461
0 0.28125 0.5011574074074074 0.017361111111111112 0.036044973544973546
0 0.35205853174603174 0.48578042328042326 0.03695436507936508 0.027116402116402115
0 0.6326884920634921 0.7475198412698413 0.028273809523809524 0.0248015873015873
0 0.683531746031746 0.6807208994708994 0.060515873015873016 0.07705026455026455
0 0.6912202380952381 0.5560515873015873 0.053075396825396824 0.06448412698412699
0 0.7233382936507936 0.3468915343915344 0.029513888888888888 0.0291005291005291
0 0.6541418650793651 0.30770502645502645 0.026041666666666668 0.026124338624338623
0 0.6829117063492064 0.2833994708994709 0.01314484126984127 0.00992063492063492
0 0.6514136904761905 0.32837301587301587 0.019593253968253968 0.013888888888888888
0 0.6160714285714286 0.31845238095238093 0.017857142857142856 0.017195767195767195
0 0.5813492063492064 0.30770502645502645 0.014384920634920634 0.012235449735449735
0 0.5701884920634921 0.2835648148148148 0.017361111111111112 0.016203703703703703
0 0.4124503968253968 0.2865410052910053 0.010912698412698412 0.006944444444444444
0 0.8582589285714286 0.4948743386243386 0.01314484126984127 0.011574074074074073
0 0.6633184523809523 0.3688822751322751 0.016617063492063492 0.012896825396825396
0 0.640625 0.39269179894179895 0.017361111111111112 0.01951058201058201
