0 0.6593816631130064 0.31076759061833686 0.04584221748400853 0.050106609808102345
0 0.3347547974413646 0.6615138592750534 0.07036247334754797 0.0650319829424307
0 0.412046908315565 0.8150319829424307 0.06716417910447761 0.07995735607675906
0 0.1439232409381663 0.8710021321961621 0.03837953091684435 0.021321961620469083
0 0.21535181236673773 0.8997867803837953 0.0255863539445629 0.019189765458422176
0 0.028784648187633263 0.7084221748400853 0.03411513859275053 0.050106609808102345
0 0.07036247334754797 0.9920042643923241 0.02771855010660981 0.015991471215351813
0 0.1615138592750533 0.0453091684434968 0.024520255863539446 0.02025586353944563
0 0.8390191897654584 0.07995735607675906 0.029850746268656716 0.021321961620469083
0 0.8800639658848614 0.18230277185501065 0.024520255863539446 0.023454157782515993
