0 0.2123015873015873 0.574239417989418 0.05952380952380952 0.06382275132275132
0 0.24888392857142858 0.6236772486772487 0.024057539682539684 0.023148148148148147
0 0.20250496031746032 0.6851851851851852 0.015625 0.018518518518518517
0 0.29476686507936506 0.666005291005291 0.029513888888888888 0.032407407407407406
0 0.29017857142857145 0.47453703703703703 0.0248015873015873 0.023148148148148147
0 0.2717013888888889 0.5114087301587301 0.012152777777777778 0.016865079365079364
0 0.37983630952380953 0.5540674603174603 0.030009920634920636 0.03141534391534392
0 0.39856150793650796 0.5694444444444444 0.023809523809523808 0.023809523809523808
0 0.4184027777777778 0.6145833333333334 0.025297619047619048 0.027447089947089946
0 0.17423115079365079 0.4341931216931217 0.008680555555555556 0.011243386243386243
0 0.6221478174603174 0.7126322751322751 0.023065476190476192 0.036375661375661374
0 0.6330605158730159 0.7367724867724867 0.018601190476190476 0.027777777777777776
0 0.5784970238095238 0.7891865079365079 0.026041666666666668 0.02017195767195767
0 0.5499751984126984 0.7275132275132276 0.015128968253968254 0.01521164021164021
0 0.6635664682539683 0.6726190476190477 0.016121031746031748 0.03439153439153439
0 0.675719246031746 0.6448412698412699 0.00818452380952381 0.00992063492063492
0 0.527281746031746 0.5327380952380952 0.017857142857142856 0.01917989417989418
0 0.5848214285714286 0.5542328042328042 0.0248015873015873 0.027116402116402115
0 0.5203373015873016 0.6030092592592593 0.016865079365079364 0.035383597883597885
0 0.4625496031746032 0.5715939153439153 0.014384920634920634 0.016865079365079364
0 0.6016865079365079 0.47470238095238093 0.014384920634920634 0.026124338624338623
0 0.4618055555555556 0.2822420634920635 0.03125 0.044642857142857144
0 0.455109126984127 0.3265542328042328 0.020337301587301588 0.020833333333333332
0 0.5021081349206349 0.29150132275132273 0.010168650793650794 0.015542328042328041
0 0.564484126984127 0.27199074074074076 0.06001984126984127 0.05324074074074074
0 0.5601438492063492 0.31994047619047616 0.03050595238095238 0.0248015873015873
0 0.5539434523809523 0.37003968253968256 0.019593253968253968 0.01984126984126984
0 0.5545634920634921 0.39451058201058203 0.011408730158730158 0.02447089947089947
0 0.5090525793650794 0.3470568783068783 0.026537698412698412 0.035383597883597885
0 0.4775545634920635 0.31845238095238093 0.008680555555555556 0.010582010582010581
0 0.4859871031746032 0.30158730158730157 0.00818452380952381 0.013888888888888888
0 0.49094742063492064 0.23197751322751323 0.012152777777777778 0.016203703703703703
0 0.5228174603174603 0.2457010582010582 0.013888888888888888 0.01917989417989418
