0 0.6283263305322129 0.5779645191409897 0.023809523809523808 0.04201680672268908
0 0.6470588235294118 0.5609243697478992 0.037815126050420166 0.0392156862745098
0 0.679359243697479 0.5686274509803921 0.013130252100840336 0.014472455648926238
0 0.6744572829131653 0.5912698412698413 0.02923669467787115 0.011671335200746966
0 0.6876750700280112 0.6041083099906629 0.014355742296918767 0.01680672268907563
0 0.667016806722689 0.6050420168067226 0.010854341736694677 0.01353874883286648
0 0.647671568627451 0.46171802054155 0.038340336134453784 0.045284780578898225
0 0.6063550420168067 0.4180672268907563 0.019782913165266106 0.018207282913165267
0 0.6980917366946778 0.35679271708683474 0.006477591036414566 0.011904761904761904
0 0.6734068627450981 0.3108076563958917 0.01488095238095238 0.023109243697478993
0 0.6643032212885154 0.26330532212885155 0.012780112044817927 0.009337068160597572
0 0.6555497198879552 0.22490662931839403 0.011029411764705883 0.015172735760971055
0 0.5845588235294118 0.251984126984127 0.02065826330532213 0.03944911297852474
0 0.5525210084033614 0.2838468720821662 0.029411764705882353 0.03454715219421102
0 0.5455182072829131 0.35714285714285715 0.01610644257703081 0.03314659197012138
0 0.553921568627451 0.3821195144724556 0.008753501400560224 0.014939309056956116
0 0.5191701680672269 0.40557889822595705 0.01803221288515406 0.01750700280112045
0 0.6474964985994398 0.6072595704948646 0.023634453781512604 0.0273109243697479
0 0.6650035014005602 0.6279178338001867 0.04149159663865546 0.03081232492997199
0 0.6821603641456583 0.6617647058823529 0.04219187675070028 0.021475256769374416
0 0.6132703081232493 0.6262838468720822 0.01750700280112045 0.0196078431372549
0 0.5758928571428571 0.6365546218487395 0.014530812324929972 0.01727357609710551
0 0.4951855742296919 0.6022408963585434 0.01207983193277311 0.020074696545284782
0 0.5044642857142857 0.611577964519141 0.014180672268907563 0.018674136321195144
0 0.5006127450980392 0.6197478991596639 0.009278711484593838 0.014472455648926238
0 0.48126750700280113 0.6876750700280112 0.017857142857142856 0.028011204481792718
0 0.4633228291316527 0.7024976657329598 0.01488095238095238 0.011904761904761904
0 0.45054271708683474 0.7144024276377218 0.013130252100840336 0.017973856209150325
0 0.5210084033613446 0.6537114845938375 0.0665266106442577 0.11741363211951447
0 0.47050070028011204 0.7707749766573296 0.03238795518207283 0.0350140056022409
0 0.59593837535014 0.7781279178338002 0.024859943977591035 0.04365079365079365
0 0.4332107843137255 0.7649393090569561 0.05549719887955182 0.059757236227824466
0 0.42883403361344535 0.7218720821661998 0.030987394957983194 0.035247432306255835
0 0.40458683473389356 0.7072829131652661 0.025560224089635854 0.05415499533146592
0 0.37263655462184875 0.7038982259570495 0.0390406162464986 0.06699346405228758
0 0.42016806722689076 0.630485527544351 0.07633053221288516 0.10784313725490197
0 0.3391981792717087 0.7005135387488328 0.04604341736694678 0.040149393090569564
0 0.3074229691876751 0.6873249299719888 0.019257703081232494 0.023109243697478993
0 0.2765231092436975 0.7027310924369747 0.02538515406162465 0.017973856209150325
0 0.3244922969187675 0.6309523809523809 0.02153361344537815 0.03828197945845005
0 0.3553921568627451 0.6234827264239029 0.055322128851540614 0.12184873949579832
0 0.4026610644257703 0.8688141923436041 0.01750700280112045 0.04388422035480859
0 0.41526610644257705 0.8806022408963585 0.011204481792717087 0.01984126984126984
0 0.4694502801120448 0.9248366013071896 0.006477591036414566 0.023809523809523808
0 0.4802170868347339 0.9272875816993464 0.008403361344537815 0.015172735760971055
0 0.18040966386554622 0.7935340802987861 0.01137955182072829 0.009103641456582634
0 0.19940476190476192 0.8189775910364145 0.03011204481792717 0.021241830065359478
0 0.08482142857142858 0.5965219421101774 0.006127450980392157 0.007703081232492998
0 0.2599789915966387 0.2792950513538749 0.04411764705882353 0.153828197945845
0 0.2934173669467787 0.44607843137254904 0.10119047619047619 0.09943977591036414
0 0.1090686274509804 0.27941176470588236 0.032563025210084036 0.06722689075630252
0 0.12815126050420167 0.34815592903828196 0.05112044817927171 0.05812324929971989
0 0.15765056022408963 0.37523342670401494 0.07930672268907563 0.15242763772175538
0 0.23573179271708683 0.4354575163398693 0.00857843137254902 0.019374416433239963
0 0.2417717086834734 0.4110644257703081 0.04831932773109244 0.045284780578898225
0 0.18487394957983194 0.4760737628384687 0.10049019607843138 0.13328664799253034
0 0.6493347338935574 0.34021942110177406 0.06442577030812324 0.16970121381886089
0 0.47584033613445376 0.5686274509803921 0.04096638655462185 0.03361344537815126
0 0.4879201680672269 0.5018674136321195 0.023109243697478993 0.02054154995331466
0 0.4427521008403361 0.5588235294117647 0.023109243697478993 0.024743230625583566
0 0.4476540616246499 0.5203081232492998 0.0661764705882353 0.1069094304388422
0 0.45596988795518206 0.4646358543417367 0.007878151260504201 0.00676937441643324
0 0.18461134453781514 0.5158730158730159 0.0859593837535014 0.08216619981325864
