0 0.49089635854341734 0.4684873949579832 0.01715686274509804 0.02100840336134454
0 0.4890581232492997 0.48716153127917833 0.036939775910364146 0.03361344537815126
0 0.5995273109243697 0.5897525676937442 0.03623949579831933 0.07352941176470588
0 0.5863970588235294 0.6451914098972923 0.01908263305322129 0.014472455648926238
0 0.6734943977591037 0.5113211951447245 0.06967787114845939 0.09080298786181139
0 0.6536239495798319 0.538515406162465 0.05374649859943978 0.12978524743230627
0 0.5467436974789915 0.4774743230625584 0.07107843137254902 0.02964519140989729
0 0.5284488795518207 0.42553688141923435 0.10346638655462184 0.08870214752567694
0 0.4118522408963585 0.4669701213818861 0.023634453781512604 0.03711484593837535
0 0.3401610644257703 0.45319794584500467 0.03081232492997199 0.0338468720821662
0 0.40896358543417366 0.40639589169000934 0.12710084033613445 0.1092436974789916
0 0.24728641456582634 0.38643790849673204 0.08000700280112044 0.07072829131652661
0 0.44432773109243695 0.8664799253034547 0.06337535014005602 0.03828197945845005
0 0.3550420168067227 0.9536647992530346 0.015406162464985995 0.008636788048552755
0 0.37701330532212884 0.6554621848739496 0.0117296918767507 0.01680672268907563
0 0.19205182072829133 0.7167366946778712 0.00980392156862745 0.012371615312791783
0 0.13742997198879553 0.7481325863678805 0.03221288515406162 0.04295051353874883
0 0.10355392156862746 0.5820494864612512 0.04254201680672269 0.06792717086834733
0 0.34129901960784315 0.5403828197945845 0.11502100840336134 0.12558356676003735
0 0.48625700280112044 0.59593837535014 0.003676470588235294 0.00980392156862745
0 0.4789040616246499 0.590219421101774 0.010329131652661064 0.010037348272642391
0 0.4493172268907563 0.5594070961718021 0.1409313725490196 0.11741363211951447
0 0.36896008403361347 0.6017740429505135 0.05619747899159664 0.03081232492997199
