0 0.511204481792717 0.7080999066293184 0.025210084033613446 0.03851540616246499
0 0.570203081232493 0.7119514472455649 0.0035014005602240898 0.003734827264239029
0 0.5777310924369747 0.6367880485527544 0.012254901960784314 0.018674136321195144
0 0.5756302521008403 0.6556956115779645 0.0017507002801120449 0.003734827264239029
0 0.6093312324929971 0.6052754435107376 0.014530812324929972 0.01680672268907563
0 0.5849964985994398 0.5773809523809523 0.04044117647058824 0.05765639589169001
0 0.37736344537815125 0.7804621848739496 0.029586834733893556 0.042717086834733894
0 0.35670518207282914 0.7200046685340803 0.03413865546218487 0.05672268907563025
0 0.3536414565826331 0.6450746965452848 0.008753501400560224 0.017973856209150325
0 0.44529061624649857 0.6374883286647992 0.006127450980392157 0.010737628384687208
0 0.37202380952380953 0.6772875816993464 0.018207282913165267 0.022642390289449112
0 0.40406162464985995 0.6924603174603174 0.07142857142857142 0.11741363211951447
0 0.24509803921568626 0.6643323996265172 0.021358543417366947 0.04061624649859944
0 0.4213060224089636 0.5491363211951448 0.005777310924369748 0.008636788048552755
0 0.29893207282913165 0.6174136321195145 0.006127450980392157 0.009337068160597572
0 0.3849789915966387 0.528828197945845 0.04936974789915966 0.032913165266106444
0 0.47015056022408963 0.5119047619047619 0.007177871148459383 0.0056022408963585435
0 0.484156162464986 0.5381652661064426 0.03658963585434174 0.022175536881419235
0 0.510766806722689 0.5352474323062558 0.023284313725490197 0.028478057889822595
0 0.541141456582633 0.5392156862745098 0.018207282913165267 0.040149393090569564
0 0.5350140056022409 0.5178571428571429 0.016456582633053222 0.062324929971988796
0 0.5153186274509803 0.5407329598506069 0.009628851540616247 0.008636788048552755
0 0.5255602240896359 0.5381652661064426 0.01750700280112045 0.022642390289449112
0 0.5111169467787114 0.4898459383753501 0.025735294117647058 0.025443510737628384
0 0.5037640056022409 0.4599673202614379 0.01838235294117647 0.03244631185807657
0 0.5344887955182073 0.46148459383753504 0.02065826330532213 0.0546218487394958
0 0.523984593837535 0.4507469654528478 0.02696078431372549 0.05788982259570495
0 0.5211834733893558 0.40908029878618113 0.01680672268907563 0.025910364145658265
0 0.5351890756302521 0.392390289449113 0.015056022408963586 0.03968253968253968
0 0.49711134453781514 0.38013538748832865 0.02608543417366947 0.03758169934640523
0 0.4947478991596639 0.3587768440709617 0.01750700280112045 0.028944911297852476
0 0.5373774509803921 0.33088235294117646 0.023634453781512604 0.01750700280112045
0 0.5499824929971989 0.3194444444444444 0.01838235294117647 0.038982259570494865
0 0.554796918767507 0.29376750700280113 0.041666666666666664 0.0557889822595705
0 0.5368522408963585 0.24579831932773108 0.04009103641456583 0.03828197945845005
0 0.5133928571428571 0.27532679738562094 0.023984593837535016 0.042717086834733894
0 0.5024509803921569 0.30018674136321194 0.014355742296918767 0.03734827264239029
0 0.4888830532212885 0.25011671335200747 0.02608543417366947 0.03664799253034547
0 0.47198879551820727 0.263422035480859 0.04586834733893557 0.051587301587301584
0 0.47724089635854344 0.3026377217553688 0.05322128851540616 0.051587301587301584
0 0.6761204481792717 0.613562091503268 0.018557422969187675 0.153828197945845
0 0.7061449579831933 0.6140289449112979 0.04394257703081232 0.050186741363211954
0 0.7003676470588235 0.6544117647058824 0.003676470588235294 0.004901960784313725
0 0.7380952380952381 0.5718954248366013 0.008753501400560224 0.013071895424836602
0 0.7458858543417367 0.5084033613445378 0.01488095238095238 0.037815126050420166
0 0.6951155462184874 0.4565826330532213 0.030287114845938375 0.032679738562091505
0 0.6111694677871149 0.47910830999066295 0.025560224089635854 0.025443510737628384
0 0.6093312324929971 0.4918300653594771 0.03273809523809524 0.03968253968253968
0 0.6519607843137255 0.42635387488328663 0.019257703081232494 0.021241830065359478
0 0.6277135854341737 0.42518674136321194 0.006127450980392157 0.01657329598506069
0 0.6120448179271709 0.4098972922502334 0.03431372549019608 0.034080298786181136
0 0.6047794117647058 0.3349673202614379 0.006477591036414566 0.011204481792717087
0 0.6597514005602241 0.2969187675070028 0.007177871148459383 0.009337068160597572
0 0.6272759103641457 0.2830298786181139 0.011554621848739496 0.010037348272642391
0 0.5330882352941176 0.08683473389355742 0.004901960784313725 0.0070028011204481795
0 0.5787815126050421 0.10119047619047619 0.014355742296918767 0.018440709617180206
0 0.6215861344537815 0.0988562091503268 0.020833333333333332 0.023109243697478993
0 0.5493697478991597 0.045284780578898225 0.008403361344537815 0.014005602240896359
0 0.5207457983193278 0.02707749766573296 0.00857843137254902 0.01027077497665733
0 0.17384453781512604 0.4831932773109244 0.011554621848739496 0.02661064425770308
0 0.18434873949579833 0.488328664799253 0.007352941176470588 0.011671335200746966
0 0.3137254901960784 0.4766573295985061 0.01715686274509804 0.014939309056956116
0 0.33788515406162467 0.45098039215686275 0.005252100840336135 0.007936507936507936
0 0.29875700280112044 0.40219421101774044 0.007528011204481793 0.007936507936507936
0 0.2824754901960784 0.44047619047619047 0.003676470588235294 0.005135387488328665
0 0.3433998599439776 0.47724089635854344 0.03553921568627451 0.04084967320261438
0 0.3648459383753501 0.47058823529411764 0.0273109243697479 0.024743230625583566
0 0.3756127450980392 0.44864612511671337 0.020833333333333332 0.021475256769374416
0 0.4102766106442577 0.44514472455648924 0.05969887955182073 0.04855275443510738
0 0.4532563025210084 0.43639122315592904 0.04831932773109244 0.06792717086834733
0 0.32125350140056025 0.2972689075630252 0.03046218487394958 0.0534547152194211
0 0.3335084033613445 0.30240429505135386 0.007703081232492998 0.012838468720821661
0 0.327906162464986 0.3292483660130719 0.011204481792717087 0.012371615312791783
0 0.3494397759103641 0.2511671335200747 0.04481792717086835 0.07282913165266107
0 0.37701330532212884 0.24509803921568626 0.020483193277310924 0.0196078431372549
0 0.38445378151260506 0.2725256769374416 0.03221288515406162 0.038982259570494865
0 0.3693102240896359 0.2916666666666667 0.014530812324929972 0.009570494864612512
0 0.36685924369747897 0.24451447245564892 0.009628851540616247 0.009570494864612512
0 0.297531512605042 0.20588235294117646 0.013830532212885153 0.0196078431372549
0 0.2867647058823529 0.19981325863678806 0.011904761904761904 0.02287581699346405
0 0.2689075630252101 0.2019140989729225 0.01750700280112045 0.032679738562091505
0 0.24089635854341737 0.2099673202614379 0.025910364145658265 0.06932773109243698
0 0.22907913165266106 0.3269140989729225 0.02153361344537815 0.015172735760971055
0 0.27949929971988796 0.290499533146592 0.006827731092436975 0.015172735760971055
0 0.2506127450980392 0.3506069094304388 0.002976190476190476 0.003734827264239029
0 0.27529761904761907 0.14169000933706816 0.05654761904761905 0.06629318394024276
0 0.24115896358543418 0.09780578898225957 0.002976190476190476 0.004668534080298786
0 0.31031162464985995 0.08625116713352007 0.026435574229691877 0.01657329598506069
0 0.20028011204481794 0.40908029878618113 0.038865546218487396 0.03664799253034547
0 0.22960434173669467 0.27987861811391224 0.09471288515406162 0.09430438842203548
0 0.32536764705882354 0.3475723622782446 0.023634453781512604 0.028011204481792718
0 0.33779761904761907 0.35049019607843135 0.006827731092436975 0.008169934640522876
0 0.3594187675070028 0.32714752567693745 0.059873949579831935 0.06605975723622783
0 0.44353991596638653 0.27054154995331464 0.02538515406162465 0.028478057889822595
0 0.4414390756302521 0.29061624649859946 0.016631652661064426 0.03127917833800187
0 0.44590336134453784 0.28898225957049484 0.004201680672268907 0.007469654528478058
0 0.4338235294117647 0.36321195144724555 0.012955182072829132 0.01680672268907563
0 0.4162289915966387 0.3949579831932773 0.00507703081232493 0.015406162464985995
0 0.40861344537815125 0.3492063492063492 0.04201680672268908 0.08403361344537816
0 0.42874649859943975 0.301937441643324 0.04341736694677871 0.07866479925303455
0 0.4805672268907563 0.22175536881419233 0.004201680672268907 0.005135387488328665
0 0.42813375350140054 0.21370214752567693 0.003326330532212885 0.010971055088702147
0 0.41929271708683474 0.18347338935574228 0.0031512605042016808 0.005135387488328665
0 0.6095063025210085 0.2250233426704015 0.003676470588235294 0.004201680672268907
