0 0.521358543417367 0.39215686274509803 0.10119047619047619 0.07469654528478058
0 0.437062324929972 0.37371615312791784 0.05549719887955182 0.058823529411764705
0 0.45903361344537813 0.2665732959850607 0.16736694677871147 0.27170868347338933
0 0.45421918767507 0.45203081232493 0.02538515406162465 0.03104575163398693
0 0.38086484593837533 0.5634920634920635 0.19205182072829133 0.25957049486461253
0 0.4181547619047619 0.8967086834733894 0.13112745098039216 0.1496265172735761
0 0.5188200280112045 0.905812324929972 0.07510504201680672 0.07633053221288516
0 0.4064250700280112 0.7867647058823529 0.07195378151260504 0.0819327731092437
0 0.34208683473389356 0.7505835667600373 0.04971988795518207 0.13328664799253034
0 0.2609418767507003 0.7533846872082166 0.09471288515406162 0.14589169000933708
0 0.17323179271708683 0.7350606909430439 0.11432072829131652 0.09757236227824463
0 0.12403711484593838 0.5371148459383753 0.043592436974789914 0.051353874883286646
0 0.21314775910364145 0.5396825396825397 0.13532913165266106 0.30438842203548083
0 0.5486694677871149 0.2238562091503268 0.04656862745098039 0.04668534080298786
0 0.5014880952380952 0.7352941176470589 0.026435574229691877 0.02100840336134454
0 0.4641981792717087 0.7671568627450981 0.024334733893557423 0.03478057889822596
0 0.5435924369747899 0.6968954248366013 0.031162464985994398 0.0557889822595705
0 0.5935749299719888 0.5004668534080299 0.023634453781512604 0.026143790849673203
0 0.5822829131652661 0.5229925303454716 0.017857142857142856 0.01984126984126984
0 0.5738795518207283 0.4714052287581699 0.0234593837535014 0.026377217553688142
0 0.6439950980392157 0.6051587301587301 0.164390756302521 0.2915499533146592
