0 0.3322829131652661 0.46895424836601307 0.021708683473389355 0.04201680672268908
0 0.3605567226890756 0.4437441643323996 0.03623949579831933 0.0392156862745098
0 0.3906687675070028 0.4781746031746032 0.02188375350140056 0.022642390289449112
0 0.38918067226890757 0.39017273576097106 0.06687675070028011 0.04458450046685341
0 0.4375875350140056 0.4126984126984127 0.012780112044817927 0.03688141923436041
0 0.4416141456582633 0.4158496732026144 0.012780112044817927 0.04318394024276377
0 0.4522058823529412 0.4295051353874883 0.004901960784313725 0.007469654528478058
0 0.4431022408963585 0.44876283846872084 0.007703081232492998 0.017973856209150325
0 0.36186974789915966 0.5350140056022409 0.02065826330532213 0.015406162464985995
0 0.3248424369747899 0.5354808590102708 0.009628851540616247 0.015406162464985995
0 0.31477591036414565 0.6011904761904762 0.008753501400560224 0.011904761904761904
0 0.2924544817927171 0.5832166199813259 0.04989495798319328 0.05485527544351074
0 0.2867647058823529 0.6258169934640523 0.005252100840336135 0.0070028011204481795
0 0.25822829131652664 0.5863678804855276 0.018207282913165267 0.16619981325863678
0 0.2536764705882353 0.4911297852474323 0.04971988795518207 0.03081232492997199
0 0.33009453781512604 0.6803221288515406 0.01908263305322129 0.03944911297852474
0 0.18504901960784315 0.5838001867413632 0.01610644257703081 0.0196078431372549
0 0.15038515406162464 0.6213818860877685 0.015406162464985995 0.021475256769374416
0 0.1558998599439776 0.5555555555555556 0.047093837535014005 0.06349206349206349
0 0.10285364145658263 0.517390289449113 0.021183473389355743 0.04551820728291316
0 0.0899859943977591 0.49754901960784315 0.02696078431372549 0.06559290382819795
0 0.08482142857142858 0.49264705882352944 0.008228291316526611 0.019374416433239963
0 0.06451330532212886 0.4651027077497666 0.03168767507002801 0.027777777777777776
0 0.05164565826330532 0.5194911297852475 0.012605042016806723 0.012371615312791783
0 0.06591386554621849 0.5162231559290383 0.027836134453781514 0.03431372549019608
0 0.07195378151260504 0.5163398692810458 0.012605042016806723 0.02287581699346405
0 0.0545343137254902 0.4323062558356676 0.01838235294117647 0.03688141923436041
0 0.0782563025210084 0.4208683473389356 0.031512605042016806 0.06442577030812324
0 0.09199929971988796 0.43335667600373484 0.025735294117647058 0.06279178338001867
0 0.07090336134453781 0.37558356676003735 0.017857142857142856 0.029411764705882353
0 0.08744747899159663 0.35597572362278246 0.017331932773109245 0.04341736694677871
0 0.0897233893557423 0.28909897292250236 0.022584033613445378 0.017973856209150325
0 0.10276610644257703 0.2759103641456583 0.018557422969187675 0.04061624649859944
0 0.11615896358543418 0.2545518207282913 0.028186274509803922 0.04551820728291316
0 0.16500350140056022 0.2916666666666667 0.007528011204481793 0.012838468720821661
0 0.18618697478991597 0.2354108309990663 0.012429971988795517 0.011437908496732025
0 0.18364845938375352 0.4673202614379085 0.028711484593837534 0.03127917833800187
0 0.16719187675070027 0.44759570494864614 0.012955182072829132 0.015639589169000934
0 0.18137254901960784 0.44689542483660133 0.02696078431372549 0.029178338001867414
0 0.17813375350140057 0.37208216619981327 0.036939775910364146 0.037815126050420166
0 0.19695378151260504 0.3873716153127918 0.008053221288515405 0.019374416433239963
0 0.22338935574229693 0.3855042016806723 0.021358543417366947 0.024976657329598508
0 0.27170868347338933 0.41678338001867415 0.03466386554621849 0.03478057889822596
0 0.34996498599439774 0.06092436974789916 0.02275910364145658 0.028011204481792718
0 0.3224789915966387 0.1146125116713352 0.018207282913165267 0.01353874883286648
0 0.35224089635854344 0.22910830999066292 0.016456582633053222 0.022642390289449112
0 0.33534663865546216 0.27170868347338933 0.017331932773109245 0.04201680672268908
0 0.3801645658263305 0.2668067226890756 0.024334733893557423 0.04668534080298786
0 0.44476540616246496 0.16736694677871147 0.12237394957983193 0.15779645191409897
0 0.5327380952380952 0.46370214752567696 0.032563025210084036 0.046451914098972924
0 0.529499299719888 0.49206349206349204 0.020833333333333332 0.02334267040149393
0 0.5317752100840336 0.5192577030812325 0.009278711484593838 0.025910364145658265
0 0.5826330532212886 0.4354575163398693 0.07598039215686274 0.15056022408963585
0 0.6488970588235294 0.5430672268907563 0.006477591036414566 0.011437908496732025
0 0.5088410364145658 0.5881185807656396 0.030637254901960783 0.025443510737628384
0 0.5150560224089635 0.6276844070961718 0.0056022408963585435 0.006069094304388422
0 0.6824229691876751 0.5381652661064426 0.032913165266106444 0.041783380018674134
0 0.7091211484593838 0.569094304388422 0.01523109243697479 0.009337068160597572
0 0.6477591036414566 0.5874183006535948 0.0070028011204481795 0.00676937441643324
0 0.6856617647058824 0.6458916900093371 0.03168767507002801 0.036414565826330535
0 0.6128326330532213 0.7556022408963585 0.08280812324929972 0.1283846872082166
0 0.5884978991596639 0.8398692810457516 0.06214985994397759 0.05929038281979458
0 0.6135329131652661 0.8085901027077498 0.007177871148459383 0.009337068160597572
0 0.49124649859943975 0.8288982259570495 0.02065826330532213 0.035480859010270774
0 0.45500700280112044 0.8328664799253035 0.02976190476190476 0.049019607843137254
0 0.4639355742296919 0.7886321195144724 0.0780812324929972 0.1234827264239029
0 0.5032387955182073 0.7408963585434174 0.01838235294117647 0.017740429505135387
0 0.42970938375350143 0.7431139122315593 0.011029411764705883 0.028244631185807657
0 0.4263830532212885 0.8131419234360411 0.01873249299719888 0.023109243697478993
0 0.4697128851540616 0.6698179271708683 0.05042016806722689 0.12208216619981326
0 0.4115896358543417 0.6837068160597572 0.00665266106442577 0.0056022408963585435
0 0.41938025210084034 0.9206349206349206 0.026785714285714284 0.027544351073762838
0 0.36213235294117646 0.9163165266106442 0.05759803921568627 0.038982259570494865
0 0.32046568627450983 0.8686974789915967 0.02888655462184874 0.02030812324929972
0 0.43443627450980393 0.5093370681605975 0.07230392156862746 0.13025210084033614
0 0.4742647058823529 0.5263772175536882 0.01750700280112045 0.027544351073762838
0 0.4679621848739496 0.5640756302521008 0.005252100840336135 0.015639589169000934
0 0.44030112044817926 0.47549019607843135 0.008403361344537815 0.014472455648926238
0 0.44511554621848737 0.48891223155929037 0.026785714285714284 0.027777777777777776
0 0.2921918767507003 0.8176937441643324 0.10119047619047619 0.13211951447245565
0 0.3447128851540616 0.7741596638655462 0.04481792717086835 0.0688608776844071
0 0.3862044817927171 0.7818627450980392 0.06932773109243698 0.08286647992530345
0 0.3799894957983193 0.726657329598506 0.022584033613445378 0.1092436974789916
0 0.37701330532212884 0.7033146591970122 0.009978991596638655 0.009337068160597572
