0 0.25822829131652664 0.2669234360410831 0.07633053221288516 0.04411764705882353
0 0.47067577030812324 0.27240896358543415 0.1171218487394958 0.1676003734827264
0 0.5060399159663865 0.1849906629318394 0.004376750700280112 0.005368814192343604
0 0.4415266106442577 0.5750466853408029 0.02030812324929972 0.026377217553688142
0 0.5766806722689075 0.8570261437908496 0.014705882352941176 0.02404295051353875
0 0.41220238095238093 0.44759570494864614 0.10766806722689076 0.16596638655462184
0 0.39224439775910364 0.5381652661064426 0.013830532212885153 0.017040149393090568
0 0.40353641456582634 0.5317460317460317 0.012605042016806723 0.0196078431372549
0 0.27275910364145656 0.5155228758169934 0.11974789915966387 0.1253501400560224
0 0.573266806722689 0.6099439775910365 0.15983893557422968 0.33426704014939307
