0 0.38760504201680673 0.12033146591970122 0.018207282913165267 0.01750700280112045
0 0.23800770308123248 0.1707516339869281 0.010329131652661064 0.028711484593837534
0 0.22916666666666666 0.21953781512605042 0.0350140056022409 0.059990662931839404
0 0.2549894957983193 0.32528011204481794 0.058298319327731093 0.0950046685340803
0 0.2854516806722689 0.34208683473389356 0.006827731092436975 0.014239028944911298
0 0.3014705882352941 0.3731325863678805 0.04236694677871149 0.04551820728291316
0 0.34156162464985995 0.4039449112978525 0.028361344537815126 0.03478057889822596
0 0.375 0.41234827264239027 0.04236694677871149 0.04318394024276377
0 0.44362745098039214 0.3097572362278245 0.032913165266106444 0.02707749766573296
0 0.46113445378151263 0.37033146591970123 0.01330532212885154 0.017973856209150325
0 0.34103641456582634 0.27322595704948643 0.01610644257703081 0.007703081232492998
0 0.3225665266106443 0.3085901027077498 0.01207983193277311 0.021942110177404293
0 0.27380952380952384 0.41363211951447243 0.0070028011204481795 0.012138188608776844
0 0.2763480392156863 0.4438608776844071 0.009978991596638655 0.018440709617180206
0 0.34129901960784315 0.4579831932773109 0.025735294117647058 0.01727357609710551
0 0.31547619047619047 0.4807422969187675 0.005252100840336135 0.00676937441643324
0 0.29481792717086835 0.5110877684407096 0.005252100840336135 0.011437908496732025
0 0.28790266106442575 0.5036181139122315 0.004376750700280112 0.004435107376283847
0 0.26365546218487396 0.4931139122315593 0.011904761904761904 0.012838468720821661
0 0.2860644257703081 0.5533380018674137 0.004551820728291317 0.0063025210084033615
0 0.2757352941176471 0.5438842203548085 0.004551820728291317 0.005135387488328665
0 0.3596813725490196 0.5189075630252101 0.027836134453781514 0.026143790849673203
0 0.3435749299719888 0.5311624649859944 0.056897759103641456 0.027777777777777776
0 0.33700980392156865 0.5184407096171803 0.035364145658263305 0.02707749766573296
0 0.26882002801120447 0.5679271708683473 0.009978991596638655 0.010737628384687208
0 0.26741946778711484 0.5816993464052288 0.020133053221288517 0.026143790849673203
0 0.2766106442577031 0.5888188608776844 0.02065826330532213 0.027777777777777776
0 0.24466036414565825 0.5793650793650794 0.017682072829131652 0.027544351073762838
0 0.2270658263305322 0.5840336134453782 0.02100840336134454 0.03081232492997199
0 0.18426120448179273 0.5692110177404295 0.035889355742296916 0.02357609710550887
0 0.24737394957983194 0.670751633986928 0.014355742296918767 0.017040149393090568
0 0.11081932773109243 0.5972222222222222 0.03431372549019608 0.05952380952380952
0 0.24614845938375352 0.7474323062558357 0.014355742296918767 0.05088702147525677
0 0.2348564425770308 0.7091503267973857 0.01838235294117647 0.1419234360410831
0 0.21323529411764705 0.805672268907563 0.0273109243697479 0.09640522875816994
0 0.26260504201680673 0.8095238095238095 0.01050420168067227 0.014005602240896359
0 0.27853641456582634 0.8810690943043884 0.06337535014005602 0.04925303454715219
0 0.29884453781512604 0.8480392156862745 0.01995798319327731 0.020074696545284782
0 0.3239670868347339 0.840219421101774 0.02888655462184874 0.022642390289449112
0 0.33595938375350143 0.8663632119514473 0.021708683473389355 0.024509803921568627
0 0.11913515406162464 0.37675070028011204 0.03413865546218487 0.040149393090569564
0 0.13629201680672268 0.36659663865546216 0.00507703081232493 0.007236227824463119
0 0.13926820728291317 0.3818860877684407 0.04604341736694678 0.02707749766573296
0 0.16211484593837536 0.34372082166199813 0.03361344537815126 0.032913165266106444
0 0.4576330532212885 0.8032212885154062 0.01050420168067227 0.02427637721755369
0 0.4676120448179272 0.8084733893557423 0.0070028011204481795 0.011904761904761904
0 0.4789915966386555 0.7285247432306255 0.035364145658263305 0.037815126050420166
0 0.5870098039215687 0.7858309990662932 0.01715686274509804 0.015172735760971055
0 0.5695903361344538 0.7130018674136321 0.006127450980392157 0.0063025210084033615
0 0.614233193277311 0.7836134453781513 0.033438375350140055 0.037815126050420166
0 0.6334908963585434 0.7760270774976658 0.02538515406162465 0.02404295051353875
0 0.6451330532212886 0.7580532212885154 0.015756302521008403 0.011904761904761904
0 0.6460084033613446 0.7457983193277311 0.025910364145658265 0.016339869281045753
0 0.5873599439775911 0.6144957983193278 0.028361344537815126 0.05438842203548086
0 0.5999649859943977 0.6498599439775911 0.01680672268907563 0.027544351073762838
0 0.6158963585434174 0.636204481792717 0.06897759103641457 0.06839402427637722
0 0.6444327731092437 0.5849673202614379 0.03361344537815126 0.03734827264239029
0 0.6188725490196079 0.5658263305322129 0.05707282913165266 0.06676003734827264
0 0.6710434173669467 0.6576797385620915 0.040266106442577033 0.09080298786181139
0 0.6937149859943977 0.6643323996265172 0.00857843137254902 0.01680672268907563
0 0.6915266106442577 0.601657329598506 0.04411764705882353 0.08239962651727357
0 0.7125350140056023 0.5570728291316527 0.01365546218487395 0.024509803921568627
0 0.5357142857142857 0.5280112044817927 0.015406162464985995 0.029411764705882353
0 0.551733193277311 0.523342670401494 0.008928571428571428 0.02100840336134454
0 0.5617121848739496 0.5284780578898226 0.01207983193277311 0.019140989729225025
0 0.509891456582633 0.5368814192343604 0.023284313725490197 0.0611577964519141
0 0.5059523809523809 0.607376283846872 0.09103641456582633 0.09757236227824463
0 0.5400035014005602 0.4733893557422969 0.05164565826330532 0.05742296918767507
0 0.5705532212885154 0.41900093370681607 0.023809523809523808 0.015406162464985995
0 0.4797794117647059 0.35936041083099907 0.00507703081232493 0.005835667600373483
0 0.5425420168067226 0.3204948646125117 0.018557422969187675 0.011671335200746966
0 0.5671393557422969 0.3040382819794584 0.0740546218487395 0.04738562091503268
0 0.6317401960784313 0.31664332399626516 0.014530812324929972 0.02964519140989729
0 0.6250875350140056 0.3385854341736695 0.008928571428571428 0.007236227824463119
0 0.5006127450980392 0.23552754435107376 0.030287114845938375 0.028944911297852476
0 0.5331757703081232 0.26108776844070963 0.012429971988795517 0.015172735760971055
0 0.5593487394957983 0.24614845938375352 0.048669467787114847 0.03664799253034547
0 0.5898109243697479 0.2735760971055089 0.01610644257703081 0.020074696545284782
0 0.6060049019607843 0.255718954248366 0.04254201680672269 0.045051353874883286
0 0.6526610644257703 0.2965686274509804 0.02100840336134454 0.05205415499533147
0 0.6594887955182073 0.286531279178338 0.02661064425770308 0.03571428571428571
0 0.3015581232492997 0.27824463118580767 0.03413865546218487 0.111577964519141
