0 0.27380952380952384 0.45518207282913165 0.11064425770308123 0.14752567693744165
0 0.2773109243697479 0.5316293183940243 0.014355742296918767 0.03711484593837535
0 0.2921043417366947 0.36321195144724555 0.05514705882352941 0.09103641456582633
0 0.3631827731092437 0.5484360410831 0.030637254901960783 0.03758169934640523
0 0.3602941176470588 0.582983193277311 0.0273109243697479 0.03711484593837535
0 0.42358193277310924 0.5498366013071896 0.05969887955182073 0.11507936507936507
0 0.22916666666666666 0.7542016806722689 0.036414565826330535 0.045284780578898225
0 0.33744747899159666 0.7746265172735761 0.02153361344537815 0.017973856209150325
0 0.4891456582633053 0.7312091503267973 0.06057422969187675 0.0795985060690943
0 0.48608193277310924 0.8939075630252101 0.04569327731092437 0.03431372549019608
0 0.40038515406162467 0.8898225957049486 0.015406162464985995 0.02707749766573296
0 0.5635504201680672 0.6799719887955182 0.018207282913165267 0.02100840336134454
0 0.6006652661064426 0.659780578898226 0.022408963585434174 0.028711484593837534
0 0.28282563025210083 0.10609243697478991 0.047093837535014005 0.04785247432306256
0 0.2853641456582633 0.15756302521008403 0.011904761904761904 0.02287581699346405
0 0.3012955182072829 0.15943043884220354 0.050070028011204484 0.07376283846872082
0 0.40458683473389356 0.22700746965452848 0.029061624649859945 0.05112044817927171
0 0.5463935574229691 0.05812324929971989 0.035364145658263305 0.028478057889822595
0 0.5681897759103641 0.1576797385620915 0.03553921568627451 0.03057889822595705
0 0.5570728291316527 0.23681139122315592 0.019257703081232494 0.025443510737628384
0 0.4362745098039216 0.05392156862745098 0.009453781512605041 0.008870214752567693
0 0.5919117647058824 0.31255835667600373 0.0350140056022409 0.04108309990662932
0 0.594187675070028 0.3573762838468721 0.02100840336134454 0.014472455648926238
0 0.7219012605042017 0.2848972922502334 0.01908263305322129 0.025910364145658265
0 0.7488620448179272 0.3055555555555556 0.01207983193277311 0.019140989729225025
0 0.7186624649859944 0.477124183006536 0.0784313725490196 0.17366946778711484
0 0.5931372549019608 0.5093370681605975 0.11484593837535013 0.1400560224089636
