0 0.30084134615384617 0.3328525641025641 0.0829326923076923 0.05608974358974359
0 0.5472355769230769 0.31987179487179485 0.030528846153846153 0.0391025641025641
0 0.5866586538461539 0.3059294871794872 0.04495192307692308 0.03942307692307692
0 0.5165865384615385 0.36714743589743587 0.02403846153846154 0.052884615384615384
0 0.4495192307692308 0.46041666666666664 0.028365384615384615 0.08493589743589744
0 0.4349759615384615 0.334775641025641 0.01610576923076923 0.011858974358974358
0 0.6115384615384616 0.3647435897435897 0.04855769230769231 0.05
0 0.5427884615384615 0.5759615384615384 0.06346153846153846 0.06346153846153846
0 0.44495192307692305 0.5535256410256411 0.07788461538461539 0.08717948717948718
0 0.4486778846153846 0.6923076923076923 0.0829326923076923 0.19423076923076923
0 0.3566105769230769 0.7584935897435897 0.043028846153846154 0.041987179487179484
0 0.3544471153846154 0.708974358974359 0.026201923076923078 0.02564102564102564
0 0.3236778846153846 0.6932692307692307 0.02235576923076923 0.010256410256410256
0 0.5860576923076923 0.7841346153846154 0.09423076923076923 0.05352564102564102
0 0.46634615384615385 0.8495192307692307 0.025 0.046474358974358976
0 0.5881009615384616 0.8907051282051283 0.026201923076923078 0.0532051282051282
0 0.7248798076923076 0.6645833333333333 0.05985576923076923 0.10737179487179487
0 0.6802884615384616 0.5798076923076924 0.026442307692307692 0.060897435897435896
0 0.5352163461538462 0.21362179487179486 0.02283653846153846 0.04519230769230769
0 0.3992788461538462 0.03141025641025641 0.05048076923076923 0.05641025641025641
0 0.3186298076923077 0.033012820512820513 0.042067307692307696 0.06217948717948718
