0 0.325 0.40368589743589745 0.08701923076923077 0.1407051282051282
0 0.20600961538461537 0.2532051282051282 0.022596153846153846 0.05897435897435897
0 0.2563701923076923 0.15560897435897436 0.05504807692307692 0.08301282051282051
0 0.4748798076923077 0.4286858974358974 0.11225961538461539 0.0907051282051282
0 0.45721153846153845 0.5368589743589743 0.021634615384615384 0.03012820512820513
0 0.6158653846153846 0.33573717948717946 0.04567307692307692 0.13173076923076923
0 0.5929086538461539 0.2568910256410256 0.024759615384615383 0.03942307692307692
0 0.6110576923076924 0.1798076923076923 0.03221153846153846 0.08461538461538462
0 0.544110576923077 0.21618589743589745 0.01706730769230769 0.052243589743589745
0 0.5364182692307692 0.07628205128205129 0.025240384615384616 0.03205128205128205
0 0.6693509615384615 0.28846153846153844 0.01658653846153846 0.046794871794871795
0 0.7633413461538462 0.5602564102564103 0.08389423076923076 0.07115384615384615
0 0.6989182692307693 0.6399038461538461 0.09302884615384616 0.07596153846153846
0 0.5923076923076923 0.6852564102564103 0.03461538461538462 0.03974358974358974
0 0.5628605769230769 0.7418269230769231 0.02860576923076923 0.033012820512820513
0 0.12548076923076923 0.6480769230769231 0.05336538461538461 0.0967948717948718
0 0.078125 0.646474358974359 0.03221153846153846 0.04551282051282051
0 0.10829326923076923 0.5487179487179488 0.1266826923076923 0.0673076923076923
0 0.08774038461538461 0.2248397435897436 0.035096153846153846 0.058653846153846154
0 0.6730769230769231 0.03365384615384615 0.03461538461538462 0.0641025641025641
0 0.23930288461538463 0.7583333333333333 0.03822115384615385 0.046794871794871795
0 0.19170673076923078 0.7488782051282051 0.04639423076923077 0.0483974358974359
0 0.13834134615384616 0.7955128205128205 0.03341346153846154 0.02435897435897436
0 0.3623798076923077 0.9091346153846154 0.036778846153846155 0.033012820512820513
0 0.6376201923076923 0.8786858974358974 0.02235576923076923 0.03108974358974359
0 0.6681490384615385 0.8830128205128205 0.028125 0.021153846153846155
0 0.6129807692307693 0.8094551282051282 0.01875 0.015064102564102564
