0 0.5533653846153846 0.402724358974359 0.051923076923076926 0.05352564102564102
0 0.5763221153846154 0.4673076923076923 0.10697115384615384 0.08782051282051281
0 0.6472355769230769 0.5262820512820513 0.05024038461538462 0.08782051282051281
0 0.7391826923076923 0.524198717948718 0.04038461538461539 0.09391025641025641
0 0.7639423076923076 0.33397435897435895 0.04807692307692308 0.13141025641025642
0 0.8076923076923077 0.5810897435897436 0.04278846153846154 0.038461538461538464
0 0.7615384615384615 0.6802884615384616 0.06826923076923076 0.09006410256410256
0 0.9305288461538461 0.46778846153846154 0.06201923076923077 0.06185897435897436
0 0.4108173076923077 0.7455128205128205 0.07211538461538461 0.0858974358974359
0 0.3370192307692308 0.6761217948717949 0.06442307692307692 0.05480769230769231
0 0.2091346153846154 0.3924679487179487 0.06586538461538462 0.16121794871794873
0 0.34939903846153847 0.07612179487179487 0.08149038461538462 0.08685897435897436
0 0.4284855769230769 0.22435897435897437 0.07524038461538461 0.08397435897435897
