0 0.34603365384615387 0.33237179487179486 0.09302884615384616 0.047435897435897434
0 0.4444711538461538 0.035737179487179485 0.05576923076923077 0.0516025641025641
0 0.3626201923076923 0.036057692307692304 0.039663461538461536 0.046474358974358976
0 0.6348557692307693 0.3060897435897436 0.051923076923076926 0.038461538461538464
0 0.5782451923076923 0.21233974358974358 0.02235576923076923 0.041346153846153845
0 0.590625 0.3193910256410256 0.03653846153846154 0.04455128205128205
0 0.6604567307692307 0.366025641025641 0.04879807692307692 0.052564102564102565
0 0.5608173076923076 0.36650641025641023 0.027884615384615386 0.0516025641025641
0 0.4777644230769231 0.33605769230769234 0.024759615384615383 0.011217948717948718
0 0.4905048076923077 0.4620192307692308 0.03485576923076923 0.0919871794871795
0 0.4855769230769231 0.55625 0.08221153846153846 0.0919871794871795
0 0.34951923076923075 0.517948717948718 0.017788461538461538 0.015384615384615385
0 0.39122596153846156 0.5216346153846154 0.013221153846153846 0.014423076923076924
0 0.3626201923076923 0.6963141025641025 0.02235576923076923 0.014423076923076924
0 0.39447115384615383 0.7118589743589744 0.02403846153846154 0.020512820512820513
0 0.3971153846153846 0.7625 0.052884615384615384 0.0391025641025641
0 0.490625 0.6993589743589743 0.09230769230769231 0.20064102564102565
0 0.5080528846153847 0.8607371794871795 0.023317307692307693 0.05608974358974359
0 0.6347355769230769 0.7980769230769231 0.109375 0.060897435897435896
0 0.7782451923076923 0.6735576923076924 0.07524038461538461 0.11762820512820513
0 0.7266826923076923 0.5873397435897436 0.035576923076923075 0.04455128205128205
0 0.6336538461538461 0.9078525641025641 0.026442307692307692 0.052884615384615384
0 0.5862980769230769 0.5810897435897436 0.06971153846153846 0.052564102564102565
0 0.5743990384615385 0.5065705128205128 0.014663461538461538 0.02980769230769231
